115 32
<UNK> 0.005453 0.009186 -0.003922 0.011725 0.000653 -0.002973 0.010236 0.012105 -0.004409 0.008986 -0.003481 -0.000478 -0.011106 -0.006663 0.002057 -0.003604 -0.001566 0.003756 -0.006208 0.008257 0.015320 0.012450 0.013754 -0.004335 0.000503 -0.005241 -0.007612 -0.003500 0.009510 -0.014612 -0.008281 0.008024
的 0.281442 0.185541 -0.176774 0.239367 0.570073 0.252355 -0.254976 0.524914 -0.265979 -0.201320 -0.158667 -0.247492 -0.148036 -0.432645 0.666759 -0.287929 -0.318275 0.193608 0.268289 -0.277824 0.325518 -0.133208 0.393728 -0.053640 -0.127127 0.115864 -0.152667 0.225944 -0.207869 0.299119 0.791722 0.106267
可以 0.281963 0.194572 -0.326834 0.187423 0.045213 0.301596 -0.215511 0.296727 -0.299312 -0.363421 -0.279169 -0.356852 0.609501 0.137052 -0.195678 -0.124315 -0.351159 0.345401 0.314014 -0.287806 0.523365 -0.225464 0.002509 -0.408680 0.207636 -0.317281 -0.252185 0.345174 -0.301299 0.273481 -0.138001 -0.697582
模型 0.271317 0.102611 -0.320603 0.275473 0.330997 0.085826 -0.163314 -0.077390 -0.317194 -0.283016 -0.235268 -0.355836 0.577380 -0.237536 -0.024934 -0.389490 -0.329000 0.557754 0.210817 -0.323108 0.786563 -0.258340 0.198066 -0.301930 0.562000 -0.337561 -0.411145 0.365176 0.054176 0.324451 -0.234831 -0.649888
向量 0.358398 0.437721 -0.459600 0.183855 0.083376 0.512020 -0.197655 -0.217382 -0.299618 -0.533200 -0.338195 -0.245049 0.347863 -0.410850 0.090521 -0.184854 -0.274696 0.267733 0.299944 -0.590800 -0.424355 -0.376291 0.335102 -0.610391 -0.086427 -0.293837 -0.322261 0.208396 -0.426784 0.214067 0.718533 -0.411507
词 0.419079 0.470149 -0.333512 0.596648 -0.253274 0.161857 -0.338176 0.963851 -0.142111 -0.350837 -0.463421 -0.405449 0.599779 -0.292182 0.822010 -0.430436 -0.071115 0.153331 0.446679 -0.400679 -0.639522 -0.335061 0.232741 -0.265011 0.309897 -0.259399 -0.217713 0.264064 -0.468099 0.274264 -0.247570 -0.504066
上下文 0.306011 0.488134 -0.351769 0.376892 0.011987 0.342170 -0.334974 0.797764 -0.304319 -0.351334 -0.321090 -0.266157 0.460794 0.050367 0.808627 -0.318530 -0.253443 0.016825 0.360871 -0.544615 -0.419300 -0.341803 0.159018 -0.183143 0.305697 -0.306046 -0.283630 0.367605 -0.486486 0.322652 -0.133635 -0.437388
词语 0.092582 0.224615 -0.274314 0.422358 0.559358 0.296750 -0.148363 0.635987 -0.288534 -0.160252 -0.335217 -0.226816 -0.084353 -0.737673 -0.041002 -0.353994 -0.181582 0.066764 0.252095 -0.380966 0.700432 -0.344649 0.496904 -0.575670 0.256932 -0.214727 -0.260618 0.153108 0.058695 0.173621 0.600901 0.196717
训练 0.343963 -0.116582 -0.081130 -0.091262 0.366007 0.244629 -0.372647 0.684516 -0.209602 -0.183406 0.036437 -0.427874 0.310147 0.075222 0.331005 -0.038845 -0.480518 0.231783 0.238500 -0.253803 0.900414 -0.287274 -0.055119 -0.460929 0.666701 -0.356604 -0.139565 0.265508 -0.516723 0.203411 0.365414 -0.463965
使用 0.057637 0.047028 -0.185477 0.074690 0.224075 -0.037105 -0.198572 0.429579 -0.362732 -0.381120 -0.430777 -0.367211 0.748909 0.124245 0.161360 -0.170053 -0.184853 0.534334 0.252823 -0.490668 0.455803 -0.322853 -0.039489 -0.579519 0.625216 -0.297465 -0.321816 0.441993 -0.207792 0.214283 -0.493857 -0.812951
预测 0.398062 0.334376 -0.469041 0.395517 0.367417 0.369189 -0.482209 -0.287514 -0.343237 -0.357415 -0.301681 -0.291059 0.410608 0.085654 0.390012 -0.098009 -0.509510 0.436135 0.281139 -0.382791 -0.539243 -0.251873 0.241946 -0.005917 0.103791 -0.023658 -0.353245 0.391485 -0.554345 0.246607 -0.018311 -0.611111
中心词 0.189776 0.522623 -0.336170 0.453879 0.206105 0.221154 -0.218753 0.884667 -0.301585 -0.513906 -0.410526 -0.249358 0.154516 -0.525552 0.321191 -0.414796 -0.249908 0.288545 0.383549 -0.515745 -0.419340 -0.397479 0.257276 -0.038607 0.299923 -0.015879 -0.265014 0.310874 -0.037260 0.308331 0.042558 -0.179041
会 0.157237 0.380633 -0.184411 0.470285 0.365641 0.366948 -0.323617 -0.027739 -0.233697 0.008515 -0.195797 -0.459285 -0.048309 -0.297228 -0.329239 -0.345563 -0.471147 0.096843 0.353016 0.070113 0.785903 -0.309892 0.361884 -0.240086 0.420933 -0.442948 -0.410484 0.344476 -0.047269 0.189100 0.695076 0.111298
处理 0.209939 0.276919 -0.289368 0.302056 0.616647 0.348071 -0.322993 -0.036342 -0.167221 -0.295977 -0.061886 -0.103547 -0.059771 -0.456092 0.326564 -0.370947 -0.284407 -0.037466 0.093696 -0.121937 0.240709 -0.065483 0.325119 0.156396 0.024360 0.138242 -0.206024 0.162312 -0.127150 0.346949 0.832675 -0.000086
之间 0.338802 0.379356 -0.185123 0.470321 0.621240 0.374474 -0.203730 0.208122 -0.261828 -0.202074 -0.171447 -0.147949 -0.036197 -0.763784 -0.156352 -0.333912 -0.126503 0.014896 0.248096 -0.233412 0.595941 -0.293768 0.477161 -0.561583 0.198125 -0.073553 -0.217420 0.108394 0.042658 0.079950 0.894648 0.444279
关系 0.478739 0.388934 -0.200751 0.498385 0.601520 0.440477 -0.293931 0.077340 -0.346396 -0.365492 -0.127253 -0.166662 0.037665 -0.779664 -0.125252 -0.403588 -0.151789 0.160837 0.312591 -0.339644 0.725738 -0.347070 0.536114 -0.602691 0.222613 -0.175032 -0.317692 0.248203 -0.054869 0.164339 0.904396 0.398972
CBOW 0.450741 -0.145331 -0.225843 -0.225242 0.494724 0.345394 -0.474159 0.294588 -0.304446 -0.154740 0.127471 -0.496839 0.580707 0.284512 0.118920 -0.019211 -0.623250 0.339816 0.110562 -0.124072 0.739410 -0.265804 -0.134810 -0.490100 0.711253 -0.491407 -0.310159 0.421647 -0.566149 0.272353 0.434931 -0.674518
文本 0.469584 0.232107 -0.244599 0.099714 0.179664 0.187578 -0.396157 -0.745795 -0.267222 -0.213715 -0.187615 -0.101729 0.620297 -0.555902 0.428492 -0.359287 -0.074843 0.575916 0.006910 0.031564 0.604894 -0.171401 0.383606 -0.072208 0.560925 -0.369175 -0.144228 0.074237 -0.520593 0.235843 0.652583 0.091917
数据 0.179734 0.114707 -0.185110 0.317134 0.223421 0.194816 -0.046879 0.633290 -0.281238 -0.190638 -0.205368 -0.138322 0.027857 -0.304948 0.643241 -0.304893 -0.274513 0.100891 0.073054 -0.361641 0.648822 -0.253468 0.113172 -0.427231 0.366550 0.109639 -0.249016 0.364206 0.087390 0.315386 -0.121623 -0.125780
我们 0.282587 0.017620 -0.386370 0.295554 0.514656 0.057018 -0.339952 0.472105 -0.421256 -0.511728 -0.440884 -0.449869 0.772026 0.197712 0.855457 -0.198526 -0.393897 0.417862 0.293531 -0.544140 -0.394710 -0.329202 0.223772 -0.477877 0.546932 -0.506010 -0.421859 0.485507 -0.542064 0.413845 -0.661649 -0.821193
进行 0.525021 0.254239 -0.198965 -0.081321 0.063918 0.289511 -0.444516 -0.570376 -0.219970 -0.348024 -0.258601 -0.219476 0.456741 -0.494239 -0.122472 -0.373640 -0.038232 0.489333 -0.005189 -0.017406 0.651559 -0.207080 0.491154 0.069092 0.157569 -0.388890 -0.098827 0.286171 -0.400983 0.142319 0.735907 0.005968
映射 0.334168 0.321293 -0.185879 0.418289 0.352383 0.201543 -0.197436 0.454140 -0.178119 -0.063559 -0.104361 -0.230309 -0.111388 -0.590458 0.167599 -0.344888 -0.352209 0.127354 0.216507 -0.274773 0.322321 -0.199092 0.468948 -0.230936 0.058994 0.104123 -0.114647 0.211488 0.067255 0.218971 0.856262 0.210599
损失 -0.093019 0.174968 -0.141934 0.378697 0.183369 0.050156 -0.312670 0.574408 -0.167232 -0.290640 -0.406999 -0.317565 0.546736 -0.067268 0.331107 -0.242213 -0.052735 0.262973 0.359409 -0.157556 0.761830 -0.316114 0.137817 -0.011940 0.354649 -0.574034 -0.249144 0.267825 -0.091514 0.214162 -0.544948 -0.627940
以后 0.058690 0.076530 -0.127111 0.211608 0.082687 0.175046 -0.261121 0.705434 -0.217768 -0.334643 -0.358193 -0.247198 0.200118 0.050932 0.560682 -0.092901 -0.224047 0.056958 0.343682 -0.232804 0.755446 -0.236544 0.169678 -0.251474 0.405389 -0.398948 -0.182762 0.241172 -0.315294 0.203147 -0.320012 -0.373937
相似 0.267687 0.338001 -0.304926 0.412670 0.371905 0.170309 -0.174306 0.573993 -0.184551 0.004002 -0.329957 -0.193362 0.268430 -0.442188 0.321947 -0.287532 -0.257163 0.034798 0.233408 -0.052008 0.212414 -0.267225 0.341322 -0.376559 0.416526 -0.308955 -0.325263 0.205953 -0.019224 0.210671 -0.120404 -0.183422
比较 0.303766 0.369799 -0.374403 0.128111 -0.000969 0.476106 -0.004699 -0.061650 -0.145554 -0.174947 -0.375416 -0.178141 0.245526 -0.618168 -0.489507 -0.174573 -0.191470 0.083452 0.250237 -0.342335 -0.075519 -0.331253 0.260225 -0.600436 0.206466 -0.567491 -0.307099 -0.005038 -0.379891 0.244196 0.507773 -0.106200
自然语言 -0.151833 0.278433 -0.161272 0.179615 0.559016 0.203198 -0.127912 0.418839 -0.232477 -0.219557 -0.144198 -0.167232 -0.055878 -0.532139 -0.025966 -0.312671 -0.256529 0.058139 0.219530 -0.009466 0.439334 0.013181 0.260920 0.258366 -0.189254 -0.145604 -0.195245 0.345858 -0.184238 0.386524 0.598626 -0.294878
是 0.142787 0.355477 -0.274221 0.378485 0.591187 0.311707 -0.243899 0.405836 -0.267729 -0.327686 -0.224715 -0.077813 0.075935 -0.575209 -0.171304 -0.381929 -0.235016 0.060119 0.187131 -0.088689 0.520099 -0.197521 0.439721 -0.016831 0.224934 -0.126822 -0.389485 0.283195 -0.040022 0.365780 0.805521 -0.080898
人工智能 -0.053584 0.372347 -0.181097 0.312107 0.620192 0.324686 -0.146147 0.439093 -0.332019 -0.333077 -0.211015 -0.250141 -0.162137 -0.573892 0.149239 -0.375675 -0.329757 0.167892 0.325637 -0.168669 0.748469 -0.121021 0.394707 0.044897 -0.126212 -0.195864 -0.287159 0.384269 -0.005668 0.408768 0.774221 -0.146589
重要 0.274945 0.253916 -0.132636 0.404382 0.562007 0.257700 -0.020627 0.513837 -0.241244 -0.199227 -0.185387 -0.163051 -0.176680 -0.551362 0.527202 -0.325129 -0.133138 0.151128 0.197539 -0.293038 0.555679 -0.323973 0.475236 -0.364047 -0.052309 -0.117505 -0.250956 0.234761 0.143129 0.222245 0.705539 0.303048
方向 0.067696 0.374727 -0.188670 0.311636 0.475329 0.359558 -0.091895 0.258388 -0.323816 -0.340598 -0.190120 -0.244583 -0.236327 -0.427975 0.269159 -0.349087 -0.301953 0.253148 0.319020 -0.241657 0.724908 -0.233390 0.421652 -0.221218 0.000408 -0.199519 -0.299456 0.320950 0.130076 0.297728 0.682901 0.056703
表示 0.257725 0.363603 -0.270682 0.554652 0.225610 0.115681 -0.320048 0.867944 -0.219896 -0.329767 -0.461130 -0.393013 0.403949 -0.301468 0.873600 -0.379438 -0.181456 0.072783 0.402758 -0.399142 -0.507682 -0.210991 0.374482 -0.153137 0.324876 0.002556 -0.196312 0.234994 -0.329402 0.262436 0.003749 -0.297552
语义 0.368702 0.285641 -0.266006 0.372198 0.615965 0.189521 -0.259930 0.700702 -0.290503 -0.139615 -0.253829 -0.173184 -0.188764 -0.666371 0.649751 -0.375841 -0.251254 0.092244 0.206042 -0.409922 0.605374 -0.057966 0.580901 -0.172330 0.075294 0.106659 -0.127008 0.192529 -0.064511 0.285300 0.772408 0.337647
之前 0.447972 -0.067347 -0.316132 -0.024797 0.325932 0.288131 -0.324748 -0.234252 -0.277499 -0.257401 -0.144628 -0.373142 0.558754 -0.030819 0.063122 -0.189264 -0.230553 0.576193 0.119531 -0.216638 0.802445 -0.217576 0.091509 -0.364446 0.665053 -0.490868 -0.308824 0.213454 -0.326019 0.283542 0.222276 -0.581699
需要 0.484242 -0.045396 -0.261990 0.007605 0.249380 0.232029 -0.386075 -0.292874 -0.195607 -0.255699 -0.011148 -0.287361 0.421257 0.051621 0.489871 0.022814 -0.243324 0.482110 0.244123 -0.099435 0.638085 -0.255976 0.186939 -0.440655 0.670595 -0.317233 -0.175923 0.103875 -0.573755 0.245347 0.513325 -0.267132
先 0.483406 0.054773 -0.302796 0.131677 0.046206 0.133958 -0.312417 -0.472578 -0.152394 -0.287725 -0.174643 -0.084980 0.500172 -0.209312 0.513229 -0.033566 0.144878 0.541760 0.195872 -0.090994 0.354911 -0.231700 0.212129 -0.304125 0.669139 -0.302170 -0.145841 0.047613 -0.451829 0.263092 0.077938 -0.314076
准备 0.348659 0.137833 -0.278639 0.190977 -0.073537 0.204324 -0.370312 -0.600958 -0.229346 -0.272934 -0.231398 -0.055084 0.602063 -0.355432 0.558336 -0.195680 0.155224 0.587077 0.027931 -0.022249 0.450215 -0.226658 0.278115 -0.149998 0.656289 -0.257352 -0.178957 -0.012242 -0.391758 0.204999 0.112436 -0.272012
语料 0.514450 0.217189 -0.305211 0.165193 0.080149 0.129195 -0.394739 -0.465589 -0.238363 -0.328886 -0.228313 -0.135172 0.557334 -0.266978 0.531454 -0.130838 0.064834 0.507672 0.225920 -0.140950 0.156983 -0.294168 0.299545 -0.279434 0.640391 -0.340174 -0.131052 0.084134 -0.517803 0.334194 0.238218 -0.202832
高质量 0.212953 0.371666 -0.275124 0.484209 0.527324 0.414118 -0.256163 0.677900 -0.388480 -0.257730 -0.296982 -0.092904 -0.215277 -0.506660 0.310371 -0.380898 -0.306759 0.050563 0.278442 -0.254748 0.746859 -0.385648 0.567298 -0.430743 0.376607 -0.339207 -0.310877 0.226222 -0.030598 0.131843 0.728568 0.311013
提高 0.163998 0.099726 -0.204477 0.291309 0.495386 0.280371 -0.354885 0.710713 -0.360038 -0.359726 -0.276830 -0.283953 0.293520 -0.144900 0.594965 -0.190456 -0.379044 0.120985 0.297713 -0.374247 0.656761 -0.392342 0.360215 -0.560549 0.592919 -0.439019 -0.290423 0.330656 -0.416067 0.181695 0.367772 -0.357953
效果 0.423551 0.192565 -0.316779 0.244002 0.528827 0.254828 -0.052428 0.391560 -0.315595 -0.208717 -0.175049 -0.248162 0.263149 -0.560192 -0.285913 -0.439312 -0.170876 0.415867 0.122892 -0.325630 0.795769 -0.220857 0.342381 -0.399511 0.486304 -0.446475 -0.374276 0.270325 0.230249 0.206924 0.478340 -0.150135
结巴 0.376721 0.153655 -0.255662 0.088779 0.457277 0.098087 -0.231284 -0.200211 -0.409604 -0.390769 -0.369396 -0.326760 0.660525 -0.041527 0.669930 -0.246114 -0.199837 0.377346 0.139971 -0.356982 -0.427201 -0.221156 0.190544 -0.382772 0.570798 -0.335212 -0.326944 0.424436 -0.499505 0.345294 -0.396784 -0.539888
工具 0.458946 0.143481 -0.241769 -0.050962 0.395168 0.194851 -0.245513 -0.648586 -0.338495 -0.204756 -0.151163 -0.199053 0.649684 -0.068659 0.374029 -0.206586 -0.238310 0.420377 -0.053319 -0.143904 0.152035 -0.142355 0.129423 -0.105705 0.361262 -0.331216 -0.222398 0.358990 -0.491180 0.284119 -0.024732 -0.419784
对 0.433118 0.149284 -0.195766 -0.060638 0.213423 0.238495 -0.308780 -0.602300 -0.341368 -0.257500 -0.208958 -0.160903 0.598249 -0.124146 0.067242 -0.257544 0.094231 0.475800 -0.009322 -0.131673 0.180979 -0.181356 0.200608 -0.217923 0.546244 -0.289476 -0.159382 0.251089 -0.444934 0.220704 0.113433 -0.202295
中文 0.467757 0.392264 -0.241748 0.049071 0.337959 0.182270 -0.246047 -0.654439 -0.384653 -0.253198 -0.349033 -0.216267 0.594322 -0.495838 0.087655 -0.316340 0.163115 0.444393 0.054531 -0.156729 -0.357398 -0.205056 0.319758 -0.270624 0.658961 -0.304992 -0.275581 0.241615 -0.529063 0.180245 0.393316 0.117872
分词 0.432115 0.411095 -0.316978 0.245692 0.230516 0.186092 -0.363885 -0.611412 -0.375112 -0.295019 -0.375408 -0.195861 0.612945 -0.567577 0.093501 -0.368784 0.188039 0.508241 0.169892 -0.225083 -0.210366 -0.279204 0.443678 -0.258765 0.606288 -0.391542 -0.310630 0.147870 -0.517497 0.153762 0.522734 0.085583
词表 -0.041926 0.300148 -0.254231 0.394023 0.459276 0.279068 -0.209758 0.641960 -0.239333 0.106154 -0.424825 -0.087477 -0.304115 -0.457857 0.069446 -0.151435 -0.235365 -0.116289 0.221977 -0.324568 0.258236 -0.328246 0.339828 -0.423209 0.263673 -0.036063 -0.155232 0.109048 -0.196929 0.198796 -0.255964 0.233946
记录 0.172615 0.556472 -0.267132 0.532910 0.631019 0.302976 -0.249997 0.725061 -0.172299 0.068747 -0.495542 -0.091760 -0.244050 -0.590265 0.597041 -0.402788 -0.302764 -0.191663 0.251202 -0.348526 -0.099689 -0.214440 0.392963 -0.325121 0.363658 0.081685 -0.211561 0.211049 -0.384797 0.186994 0.077110 0.257238
了 0.151107 0.445331 -0.291906 0.435574 0.623400 0.281919 -0.262276 0.723122 -0.206155 0.059618 -0.419444 -0.056198 -0.177614 -0.552644 0.341590 -0.340534 -0.337106 -0.153556 0.168755 -0.314785 0.282096 -0.273365 0.303107 -0.428395 0.435519 0.031994 -0.250037 0.201560 -0.258112 0.193862 0.114144 0.307297
和 0.144874 0.396471 -0.227399 0.485260 0.624057 0.264245 -0.209017 0.642914 -0.208135 0.028170 -0.362600 -0.216687 -0.241091 -0.638434 0.542078 -0.322668 -0.261529 -0.039696 0.294786 -0.262928 -0.061592 -0.169295 0.502028 -0.291618 0.118157 0.181596 -0.090431 0.113922 -0.061534 0.158430 0.578713 0.309442
编号 0.342702 0.464449 -0.317286 0.524408 0.706260 0.369982 -0.233403 0.740525 -0.310417 -0.150708 -0.364182 -0.209778 -0.119189 -0.781159 0.412301 -0.436129 -0.359915 0.045421 0.301997 -0.291380 0.587834 -0.295624 0.572954 -0.516624 0.450374 -0.041280 -0.248590 0.177418 0.002057 0.175554 0.842610 0.400377
出现 0.102188 0.145178 -0.036958 0.215170 0.414984 0.215066 -0.364432 -0.097094 -0.295394 -0.271855 -0.150178 -0.132365 0.055228 -0.360446 0.059125 -0.290301 -0.047196 0.363088 0.301187 -0.065843 -0.294239 -0.058827 0.443700 0.142839 0.092137 0.114151 -0.135728 0.201088 -0.245663 0.315640 0.499078 0.156601
次数 0.083206 0.290596 -0.149834 0.356231 0.417952 0.331410 -0.328129 0.491423 -0.330923 -0.217950 -0.135139 -0.017702 0.072565 -0.457842 -0.355844 -0.406849 -0.060307 0.165246 0.316633 -0.204193 -0.102359 -0.188970 0.571222 -0.136081 0.299640 -0.325732 -0.352747 0.104703 -0.095480 0.181201 0.691100 0.216573
过少 0.182444 0.445956 -0.175839 0.495515 0.606584 0.420118 -0.427786 0.548137 -0.373653 -0.222290 -0.223864 -0.042479 0.041330 -0.528105 -0.048707 -0.414814 -0.205426 0.202572 0.357250 -0.249701 -0.244957 -0.203104 0.610646 -0.153255 0.446297 -0.264631 -0.333357 0.206161 -0.280034 0.291902 0.809324 0.341320
被 0.346068 0.459134 -0.098768 0.500613 0.327411 0.346689 -0.335878 -0.118409 -0.137209 -0.037354 -0.145678 -0.255429 0.118558 -0.568598 0.291796 -0.329394 -0.300222 0.198792 0.347478 -0.029663 -0.085496 -0.342211 0.443819 -0.277729 0.054588 0.080933 -0.201274 0.188196 -0.038946 0.211510 0.765245 0.235019
为 0.447352 0.356096 -0.292085 0.316613 0.110354 0.418776 -0.131577 -0.233813 -0.181121 -0.341001 -0.106898 -0.242007 0.280155 -0.535962 -0.305034 -0.174210 -0.427117 0.206564 0.270423 -0.396748 -0.089928 -0.336241 0.281954 -0.615241 -0.178376 -0.098301 -0.168120 0.199376 -0.201585 0.130725 0.779402 -0.184976
未知 0.548198 0.479867 -0.331630 0.303463 0.172822 0.523886 -0.315337 -0.426120 -0.244302 -0.436614 -0.213659 -0.317597 0.475678 -0.578883 0.002970 -0.199791 -0.371838 0.317054 0.384212 -0.459051 -0.340461 -0.421985 0.368015 -0.583822 -0.170301 -0.098633 -0.249821 0.213982 -0.397596 0.259847 0.782693 -0.261453
填充 0.014296 -0.016256 -0.234343 0.248872 0.091348 0.143106 -0.076265 0.497908 -0.287459 -0.482000 -0.273801 -0.250986 0.573837 0.059576 0.506808 -0.100812 -0.207097 0.263937 0.286595 -0.425199 0.240983 -0.233356 0.073128 -0.339323 0.269423 -0.219601 -0.298513 0.317008 -0.382748 0.331549 -0.540934 -0.699476
符号 0.105353 0.172413 -0.313307 0.383469 0.129999 0.335686 -0.146290 0.638003 -0.256481 -0.299664 -0.237699 -0.396030 0.557920 0.358360 0.208841 -0.247424 -0.197668 0.155383 0.376359 -0.466399 0.258800 -0.155684 -0.033682 -0.437294 0.334981 -0.374632 -0.166489 0.270250 -0.254886 0.365657 -0.633649 -0.587022
保证 0.122249 0.274810 -0.366892 0.354500 0.175479 0.256167 -0.150860 0.483462 -0.363773 -0.468596 -0.451330 -0.256554 0.470838 -0.152504 0.406485 -0.252692 -0.306192 0.405342 0.433462 -0.561707 -0.098804 -0.413695 0.213056 -0.259815 0.095534 -0.291150 -0.311898 0.357186 -0.402960 0.385692 -0.527941 -0.691164
具有 0.103490 0.560928 -0.449122 0.349700 0.110210 0.442479 -0.250450 0.509948 -0.358470 -0.138143 -0.437738 -0.102186 0.053052 -0.007319 -0.090862 -0.244780 -0.196455 0.140713 0.537847 -0.540791 -0.458581 -0.413645 0.215537 0.026598 0.090285 -0.403163 -0.180347 0.304418 -0.475801 0.409893 -0.489478 -0.281252
相同 0.078154 0.541698 -0.494752 0.339255 0.242450 0.377678 -0.255403 0.316230 -0.309021 -0.230697 -0.506562 -0.142096 -0.005978 -0.349040 -0.282515 -0.268922 -0.201870 0.376427 0.503915 -0.568468 -0.486731 -0.503035 0.309694 -0.102595 0.117999 -0.393041 -0.202349 0.318679 -0.415290 0.368796 -0.415652 -0.362992
长度 -0.065073 0.399790 -0.260872 0.142577 -0.126206 0.252092 -0.115322 0.326616 -0.253420 0.056362 -0.315788 0.056003 -0.131117 0.072196 0.295550 -0.313111 -0.260629 -0.025928 0.347773 -0.356127 -0.100553 -0.286135 0.066549 0.124928 0.023382 -0.420521 -0.098497 0.248155 -0.440129 0.342473 -0.454147 -0.141432
滑动 0.050188 0.397092 -0.285637 0.387503 0.224541 0.154626 -0.029858 0.488802 -0.279803 -0.348554 -0.266215 -0.225839 -0.398310 -0.235190 -0.508231 -0.200513 -0.384064 0.411137 0.383471 -0.277048 0.232687 -0.323530 0.174147 0.037899 -0.082351 -0.236482 -0.239812 0.293873 0.013782 0.299718 -0.005586 -0.324635
窗口 0.232556 0.368424 -0.289507 0.309957 0.402583 0.138798 0.049954 0.602000 -0.265481 -0.367013 -0.228027 -0.050655 -0.271193 -0.516992 -0.546359 -0.084856 -0.398826 0.419545 0.366888 -0.138980 0.021091 -0.248361 0.357204 0.100464 0.125885 -0.096610 -0.067379 0.127833 0.118585 0.403124 0.160880 -0.463873
用来 0.330629 0.457325 -0.357748 0.346799 0.473565 0.212089 -0.096038 0.337187 -0.354147 -0.369186 -0.223983 -0.117880 -0.337288 -0.458557 -0.432349 -0.130533 -0.485501 0.477337 0.381119 -0.265145 0.155686 -0.274515 0.419724 0.069452 0.016262 -0.151461 -0.176415 0.270438 -0.064318 0.397740 0.278517 -0.450384
提取 0.182470 0.489842 -0.297217 0.373385 0.238515 0.231585 -0.126313 0.518514 -0.314555 -0.317341 -0.250842 -0.248112 -0.334498 -0.296045 -0.226489 -0.210600 -0.411922 0.365730 0.361467 -0.361692 -0.040533 -0.291921 0.193791 0.014622 -0.142112 -0.187598 -0.246816 0.318230 -0.190693 0.302393 0.120001 -0.290069
周围 0.374836 0.527786 -0.477166 0.466490 0.509295 0.411474 -0.243154 0.471759 -0.378061 -0.447636 -0.411319 -0.176750 -0.031240 -0.652493 -0.147450 -0.316349 -0.313594 0.445313 0.381149 -0.551361 -0.113407 -0.409927 0.520381 -0.180979 -0.114587 -0.045182 -0.332090 0.314591 -0.072823 0.249491 0.492675 -0.135647
首先 0.387820 0.169666 -0.176171 -0.146122 0.323965 0.379969 -0.538890 -0.231845 -0.356440 -0.277670 0.079139 -0.422421 0.414407 0.275345 0.063483 -0.205386 -0.564953 0.353861 0.289419 -0.092673 0.701217 -0.382799 0.190310 -0.411325 0.539844 -0.481172 -0.340613 0.413268 -0.497723 0.321200 0.626876 -0.470107
把 0.308022 0.108097 -0.243391 -0.173474 0.210789 0.498418 -0.485204 -0.490507 -0.384400 -0.293520 0.044384 -0.388484 0.399259 0.259569 -0.385577 -0.255770 -0.602343 0.443581 0.113850 -0.115673 0.756430 -0.388141 0.138539 -0.238129 0.550494 -0.442072 -0.338941 0.415879 -0.463041 0.338259 0.696607 -0.379141
独热 0.248824 0.123319 -0.233733 -0.226066 0.052956 0.416962 -0.324687 -0.716598 -0.320613 -0.338546 0.085234 -0.247073 0.348441 0.293286 -0.335300 -0.327574 -0.440525 0.398761 -0.000029 0.040658 0.600009 -0.170891 0.243830 0.070476 0.250217 -0.300898 -0.256405 0.301790 -0.204398 0.276971 0.609272 -0.093741
编码 0.168234 0.288034 -0.172183 -0.196843 -0.048160 0.291368 -0.440870 -0.633941 -0.276323 -0.336046 0.090686 -0.179987 0.167652 0.313630 0.200362 -0.159332 -0.321883 0.379581 0.211786 0.022710 0.170191 -0.215339 0.250416 -0.065820 0.096292 -0.375189 -0.248211 0.230548 -0.369522 0.237835 0.684216 -0.129241
转换成 0.327686 0.387876 -0.358138 0.235006 -0.217159 0.362121 -0.507283 0.103005 -0.330473 -0.419334 -0.240034 -0.325271 0.440484 0.173555 0.409145 -0.282639 -0.338054 0.402085 0.367774 -0.203310 -0.247651 -0.327792 0.165144 0.082854 0.171400 -0.320882 -0.278802 0.284320 -0.554987 0.364076 0.493231 -0.400091
低维词 0.430417 0.315819 -0.400278 0.247427 -0.102245 0.375340 -0.459445 0.230847 -0.302899 -0.438541 -0.264133 -0.344269 0.516819 0.176996 0.475635 -0.319757 -0.283303 0.364046 0.286854 -0.254842 -0.332299 -0.262673 0.227008 0.129640 0.260890 -0.205554 -0.240189 0.300337 -0.496164 0.338033 0.364235 -0.327851
多个 0.416958 0.466821 -0.507186 0.299716 0.150753 0.480055 -0.208701 -0.042946 -0.306920 -0.488588 -0.436238 -0.237968 0.399731 -0.448866 -0.240840 -0.163854 -0.353213 0.404259 0.441685 -0.594817 -0.472890 -0.436845 0.321162 -0.407089 -0.379451 0.024101 -0.284101 0.288792 -0.355054 0.227853 0.474541 -0.529718
通过 0.309940 0.246435 -0.236693 0.313966 -0.122360 0.139553 -0.393222 0.467418 -0.302290 -0.472210 -0.440884 -0.379531 0.558404 -0.082221 0.532607 -0.261206 0.112267 0.290451 0.330699 -0.381827 -0.346685 -0.298251 0.333621 -0.042232 0.202203 -0.400531 -0.281557 0.373144 -0.471178 0.223992 -0.002486 -0.565909
求 0.230612 0.302683 -0.196469 0.241696 0.240519 0.206662 -0.263357 -0.359364 -0.359580 -0.391493 -0.431740 -0.227902 0.511543 -0.545343 0.123097 -0.284946 0.086158 0.313229 0.206778 -0.413661 -0.038023 -0.291502 0.466852 -0.326682 0.400001 -0.476061 -0.307823 0.256996 -0.397408 0.117326 0.475560 -0.255344
平均 0.424832 0.389075 -0.224187 0.017447 0.148444 0.194253 -0.314837 -0.627376 -0.267728 -0.340700 -0.351047 -0.211461 0.366512 -0.627397 -0.407937 -0.302162 -0.052712 0.468174 0.056517 -0.218567 0.400288 -0.239429 0.517966 -0.162399 0.133697 -0.353092 -0.252776 0.261336 -0.322713 0.049089 0.775044 0.132081
融合 0.291248 0.392184 -0.161750 0.211744 0.232300 0.246628 -0.339198 -0.431041 -0.334744 -0.213371 -0.336300 -0.188857 0.379164 -0.547240 -0.186775 -0.325570 0.204287 0.295357 0.160523 -0.231025 -0.098914 -0.236059 0.461121 -0.103408 0.316182 -0.448938 -0.282966 0.162035 -0.371805 0.055890 0.636308 0.175535
输出 0.113102 0.416903 -0.355338 0.250079 -0.132593 0.254389 -0.078956 0.649232 -0.149004 -0.202329 -0.213364 -0.039485 0.280778 0.164590 0.567533 -0.146144 0.102822 -0.223423 0.192448 -0.419469 -0.185390 -0.335286 0.016944 0.131323 -0.147855 0.053228 -0.228256 0.114201 0.054205 0.174925 0.153235 -0.410838
层 0.304927 0.457968 -0.532932 0.524616 -0.101957 0.413579 -0.131395 0.702117 -0.357917 -0.391780 -0.513020 -0.143725 0.303180 0.078862 0.312014 -0.237840 -0.046054 0.279467 0.437358 -0.552431 -0.425193 -0.520161 0.322881 0.060805 -0.335226 0.119132 -0.410722 0.156794 -0.004220 0.402696 -0.127684 -0.582234
根据 0.352918 0.510791 -0.554484 0.571086 -0.167558 0.372182 -0.300447 0.791921 -0.333771 -0.410343 -0.562723 -0.278380 0.523222 0.190918 0.552177 -0.303815 -0.082772 0.304923 0.515762 -0.521551 -0.488404 -0.520044 0.203686 0.149032 -0.301597 0.221501 -0.406951 0.265135 -0.195878 0.462601 -0.296369 -0.650566
交叉 -0.166613 0.109073 -0.197703 0.157953 -0.014010 -0.002676 -0.146058 0.434646 -0.146397 -0.325085 -0.378647 -0.270662 0.324310 0.048819 -0.286386 -0.011591 -0.131456 0.259844 0.365416 -0.080032 0.680594 -0.219387 -0.027259 0.010511 0.287741 -0.553571 -0.217720 0.262592 -0.177684 0.275748 -0.446009 -0.553576
熵 -0.238807 0.236639 -0.136696 0.320249 0.289422 -0.097769 -0.203950 0.700420 -0.170198 -0.312224 -0.494524 -0.337856 0.599030 -0.017543 0.714536 -0.200045 0.112723 0.129028 0.363756 -0.254933 0.578274 -0.270456 0.048635 -0.210706 0.496761 -0.601364 -0.354183 0.344563 -0.245486 0.222677 -0.615815 -0.726935
衡量 0.132790 0.156560 -0.267181 0.194642 0.351535 0.209579 -0.411162 0.732895 -0.358528 -0.495686 -0.376748 -0.497517 0.636264 0.071298 0.671575 -0.218671 -0.393431 0.227507 0.373392 -0.419740 0.416894 -0.401569 0.081428 -0.516333 0.745376 -0.565825 -0.416009 0.470046 -0.534149 0.363067 -0.181069 -0.682229
是否 0.267415 0.144147 -0.280996 0.205801 0.233609 0.367111 -0.476093 -0.155442 -0.242019 -0.322177 -0.142435 -0.314935 0.525247 0.147328 0.130686 -0.011966 -0.503429 0.215197 0.136080 -0.171061 -0.194209 -0.264306 -0.010026 -0.238308 0.634898 -0.066758 -0.247341 0.313619 -0.525883 0.177876 0.110281 -0.399827
准确 0.072505 0.172156 -0.326618 0.343062 0.287376 0.026266 -0.283891 0.198686 -0.255285 -0.358654 -0.317038 -0.195242 0.339349 0.093531 0.334567 -0.291118 -0.272376 0.297755 0.169211 -0.363585 -0.466445 -0.220068 0.047740 0.047145 0.493386 0.029770 -0.329089 0.314345 0.010026 0.302192 -0.396009 -0.456045
反向 0.186885 0.206727 -0.147635 0.363745 0.134421 0.174730 -0.355446 -0.375392 -0.240519 -0.060963 -0.161589 -0.445974 -0.096897 -0.196218 -0.080566 -0.361138 -0.240764 0.254925 0.319688 0.156825 0.625227 -0.308163 0.402346 -0.213792 0.267051 -0.239251 -0.369129 0.241822 0.028846 0.271178 0.529307 -0.031390
传播 -0.001561 0.373509 -0.215736 0.428391 0.329447 0.301616 -0.181358 -0.243201 -0.193125 0.106395 -0.124381 -0.465583 -0.006140 -0.125316 -0.494565 -0.369723 -0.502441 0.168606 0.257590 0.119534 0.448674 -0.311387 0.183306 -0.023078 0.302482 -0.285381 -0.338514 0.377604 -0.026233 0.218852 0.479866 0.069346
不断更新 0.307920 0.095589 -0.131874 0.227375 0.220698 0.212253 -0.460291 -0.372331 -0.311951 -0.072647 -0.025243 -0.425859 0.015206 -0.066745 -0.061741 -0.335056 -0.375651 0.354452 0.317226 0.084591 0.756357 -0.354263 0.348394 -0.302737 0.411773 -0.324186 -0.391381 0.303536 -0.182603 0.282279 0.610605 -0.238083
中 0.193014 0.173201 -0.095041 0.211742 0.629600 0.308909 -0.275011 0.546371 -0.302052 -0.137884 -0.010137 -0.372376 -0.234244 -0.394070 -0.142742 -0.347399 -0.455486 0.251666 0.138184 -0.104874 0.892813 -0.279475 0.427594 -0.376295 0.343159 -0.276295 -0.310679 0.356193 -0.246775 0.135495 0.866375 0.279677
参数 0.311084 0.314625 -0.195924 0.471704 0.381038 0.218638 -0.267744 0.153065 -0.349105 -0.176713 -0.144812 -0.083621 -0.161028 -0.625186 -0.104275 -0.477440 -0.140751 0.288530 0.277125 -0.187078 0.638266 -0.356353 0.523060 -0.404550 0.246788 -0.300246 -0.378011 0.204542 0.131089 0.171916 0.623065 0.195588
轮数 0.354622 0.060412 -0.244986 0.098409 0.306792 0.195270 -0.207852 0.350811 -0.276278 -0.208396 -0.245826 -0.347455 0.499561 -0.146123 -0.088637 -0.248640 -0.231215 0.436418 0.182371 -0.228921 0.790835 -0.194262 0.025631 -0.169364 0.439426 -0.530676 -0.293114 0.304700 -0.059450 0.260600 -0.227144 -0.510846
增加 0.277157 0.075255 -0.308073 0.138600 0.178482 0.226787 -0.149323 0.468719 -0.246638 -0.263145 -0.315942 -0.363007 0.454042 -0.113265 -0.001545 -0.270664 -0.257263 0.348318 0.275602 -0.250725 0.864043 -0.199979 0.000435 -0.275164 0.532975 -0.634946 -0.377643 0.355857 -0.191268 0.334258 -0.402656 -0.568741
通常 -0.020491 0.266576 -0.231855 0.457191 -0.111276 0.252114 -0.208733 0.079993 -0.298840 -0.066802 -0.339603 -0.447513 0.085882 -0.223535 -0.186179 -0.428806 -0.259850 0.209575 0.361387 0.113472 0.834452 -0.276185 0.231839 -0.143754 0.381664 -0.586725 -0.465142 0.338135 -0.071618 0.285088 -0.112427 -0.121721
逐渐 0.173333 0.325464 -0.084556 0.429774 0.265342 0.321956 -0.313490 0.142409 -0.157154 0.039141 -0.245354 -0.387541 0.049738 -0.310627 -0.280038 -0.348891 -0.301782 0.051652 0.297587 0.122460 0.724143 -0.283484 0.391534 0.039339 0.283180 -0.335416 -0.320164 0.263945 0.152806 0.188522 0.495488 0.189351
下降 0.045717 0.310846 -0.207307 0.496711 -0.071643 0.303417 -0.271295 -0.221965 -0.291918 0.026381 -0.224863 -0.456678 -0.166717 -0.331080 -0.260440 -0.498277 -0.349129 0.240901 0.354974 0.142444 0.729332 -0.255230 0.399948 -0.100255 0.213476 -0.438934 -0.458746 0.314882 0.054266 0.241966 0.495130 0.233394
在 0.522901 0.457280 -0.436823 0.230780 -0.133872 0.470188 -0.210320 0.141832 -0.134586 -0.406978 -0.362646 -0.345759 0.537482 -0.315055 -0.174241 -0.221735 -0.175199 0.197129 0.293854 -0.251104 -0.521575 -0.293113 0.107718 -0.484088 0.015369 -0.422503 -0.230464 0.024631 -0.489781 0.321434 0.502651 -0.452474
空间 0.417562 0.364871 -0.384397 0.388101 -0.293968 0.257621 -0.239265 0.518031 -0.092194 -0.149797 -0.371641 -0.357608 0.470482 -0.418324 0.178130 -0.334467 0.047818 0.138665 0.259959 -0.011091 -0.205235 -0.383426 0.143906 -0.342207 0.206842 -0.534769 -0.220525 0.001730 -0.436506 0.358622 -0.307221 -0.651792
中距离 0.208510 0.401134 -0.335841 0.209793 -0.201195 0.449944 -0.032695 -0.055278 -0.089246 -0.014982 -0.344414 -0.182992 0.148065 -0.575552 -0.474059 -0.286215 -0.089066 0.067912 0.194743 -0.130537 0.058722 -0.362300 0.252270 -0.553479 0.257293 -0.632955 -0.277626 -0.049636 -0.399356 0.248454 0.192164 -0.119648
接近 0.393941 0.332181 -0.337705 0.317211 -0.190272 0.271649 -0.199383 0.193850 -0.115961 -0.053038 -0.343814 -0.290738 0.431874 -0.492583 -0.201711 -0.271490 0.052949 0.069310 0.189011 0.082564 0.214171 -0.410398 0.167777 -0.448440 0.300730 -0.597876 -0.262896 -0.038338 -0.307979 0.371505 -0.293167 -0.627906
余弦 0.156399 -0.005059 -0.301412 0.216629 0.435067 0.020980 -0.162765 0.566963 -0.315363 -0.327113 -0.413048 -0.320222 0.616519 -0.105095 0.683755 -0.162879 -0.234223 0.289103 0.269350 -0.438006 -0.051742 -0.262322 0.252293 -0.362465 0.476009 -0.489410 -0.375799 0.305464 -0.338502 0.331627 -0.508459 -0.643118
度 0.062039 0.069365 -0.242346 0.133465 -0.101909 0.067192 0.004407 0.453247 -0.095841 0.022332 -0.264385 -0.239765 0.097631 -0.493175 -0.028985 -0.259144 -0.025213 0.048596 0.183814 -0.191813 0.535530 -0.298836 0.214242 -0.501304 0.349232 -0.456768 -0.258394 0.100020 -0.077059 0.207850 -0.378802 -0.341077
两个 0.457181 0.447989 -0.428011 0.405093 -0.273120 0.361438 -0.319855 0.526878 -0.190365 -0.359719 -0.425402 -0.368983 0.594727 -0.226403 0.339159 -0.290486 -0.105534 0.159797 0.398949 -0.306118 -0.454995 -0.334073 0.172430 -0.291027 0.086299 -0.342742 -0.313602 0.172456 -0.425039 0.324014 0.049187 -0.526188
大型 0.427790 0.192103 -0.271950 0.073817 0.101634 0.291783 -0.510510 0.570913 -0.245837 -0.219494 -0.317147 -0.371588 -0.009705 0.330990 0.769990 -0.135011 -0.413253 0.458609 0.323429 0.126801 -0.452659 -0.100681 0.204737 -0.060121 -0.314766 -0.572376 -0.457051 0.439445 -0.474620 0.488394 -0.047769 -0.181949
语料库 0.387307 0.199243 -0.153954 0.031484 0.102835 0.133247 -0.428932 0.531129 -0.233528 -0.145212 -0.344108 -0.334673 -0.153754 0.068789 0.802800 -0.232337 -0.441941 0.438472 0.304462 0.099393 0.026139 -0.028093 0.199777 -0.231083 -0.292117 -0.539508 -0.405179 0.437774 -0.408879 0.432267 -0.400985 0.010952
应该 0.456783 0.195648 -0.149313 0.032470 0.136337 0.159940 -0.459217 0.649059 -0.280727 -0.223799 -0.362974 -0.284742 -0.150708 0.107297 0.834140 -0.272578 -0.450075 0.541281 0.304135 0.154735 -0.084147 -0.025476 0.227606 -0.100343 -0.361801 -0.639501 -0.377266 0.471991 -0.467861 0.456632 -0.238015 0.049709
采用 0.417831 0.201902 -0.203689 0.067218 0.221569 0.212476 -0.479019 0.559533 -0.209384 -0.204518 -0.212840 -0.234069 -0.251524 0.164803 0.816296 -0.247619 -0.350058 0.362584 0.241223 0.178535 -0.503814 -0.056625 0.227821 0.134763 -0.375129 -0.485718 -0.364143 0.396624 -0.435241 0.462738 0.140090 0.034688
逐行 0.400101 0.382946 -0.310703 0.296174 0.519212 0.286455 -0.414602 0.564111 -0.277240 -0.206739 -0.269255 -0.255216 -0.302936 -0.369077 0.723006 -0.373198 -0.412182 0.294793 0.294722 -0.004448 0.078433 -0.194009 0.444789 -0.221221 -0.101840 -0.452408 -0.441374 0.445645 -0.263361 0.445925 0.277042 0.169975
读取 0.190616 0.347886 -0.184365 0.218757 0.511689 0.198909 -0.252338 0.743483 -0.308488 -0.280539 -0.275001 -0.102032 -0.287365 -0.531673 0.483766 -0.440183 -0.278485 0.315603 0.250414 0.026401 0.367563 -0.104579 0.413050 -0.016865 -0.147876 -0.482148 -0.311584 0.392557 -0.206802 0.375190 0.499815 0.208201
方式 0.083927 0.356587 -0.254487 0.357611 0.546198 0.289392 -0.188480 0.666151 -0.328352 -0.265897 -0.289360 -0.141136 -0.050326 -0.648234 -0.109819 -0.467909 -0.266348 0.179276 0.277287 -0.168356 0.621984 -0.264764 0.502433 -0.152742 0.182943 -0.373139 -0.376587 0.374500 -0.042550 0.305977 0.708687 0.070498
完成 0.060082 0.185047 -0.227028 0.314001 0.191932 0.262781 -0.252210 0.610670 -0.359737 -0.322942 -0.345612 -0.105204 -0.074541 -0.135080 0.547273 -0.121488 -0.378097 0.093040 0.239440 -0.208125 0.521793 -0.329520 0.337661 -0.372984 0.345019 -0.103332 -0.205027 0.280545 -0.325606 0.235899 0.278769 0.046286
集 0.144168 0.251669 -0.141600 0.313270 0.126016 0.387076 -0.208310 0.591379 -0.285007 -0.214257 -0.260324 -0.018089 0.109260 0.100933 0.671730 -0.075611 -0.323559 0.036350 0.229164 -0.125681 0.705875 -0.279961 0.107521 -0.156311 0.207060 0.031201 -0.244530 0.293747 -0.053138 0.221380 0.025998 -0.058428
就 0.025761 -0.076689 -0.184941 0.116280 0.025122 0.098298 -0.166655 0.679115 -0.261306 -0.312573 -0.319598 -0.289551 0.461236 -0.120872 0.477161 -0.157843 -0.267920 0.185396 0.146016 -0.237734 0.339572 -0.286029 -0.012728 -0.447596 0.617041 -0.307336 -0.210915 0.309688 -0.247050 0.224837 -0.421858 -0.472091
开始 0.194833 -0.032220 -0.210235 0.159028 0.269396 -0.040550 -0.083977 0.531238 -0.255675 -0.340290 -0.341218 -0.348173 0.635243 -0.051746 0.417605 -0.199283 -0.252082 0.508342 0.245388 -0.381408 0.747441 -0.219536 0.026410 -0.382120 0.545678 -0.291952 -0.330500 0.331479 -0.033970 0.239363 -0.424721 -0.746454
