114 32
的 -0.042651672 0.024481215 0.074505284 0.01183114 0.033812225 0.037595123 -0.023834432 -0.0060988558 -0.057470955 -0.060722258 -0.0146353515 0.051321227 -0.012157498 0.045879748 -0.021316221 0.0055547566 0.026217757 0.00765828 0.028681833 0.033823024 0.011037375 -0.037542306 -0.067105584 -0.0069289133 0.063791804 -0.038438533 -0.003360809 0.027474647 0.012930336 0.030596094 -0.029594947 0.032410275
可以 -0.039430145 0.009134843 0.0783092 -0.0143865 0.053237848 0.032412305 -0.012248599 -0.006130158 -0.05278998 -0.009764802 0.0013392492 0.0057517444 -0.04797973 0.054780744 -0.033104103 0.014662061 0.03169318 0.04260379 0.022544213 0.0135575915 -0.0007012011 -0.02452466 -0.037831258 -0.057662822 0.039454933 -0.060980532 0.017534958 0.018438479 0.034103077 0.042330757 -0.029520564 0.068024464
模型 -0.015090608 -0.005395377 0.066063225 0.0016697492 -0.002277404 0.0069944835 0.018945122 -0.03133481 -0.025645932 -0.044258844 0.001993224 0.009997508 -0.02739958 0.0015776545 -0.017667104 0.0033515643 0.043466333 0.013009786 -0.017804213 0.04472138 0.014819213 -0.0046579735 -0.053307813 -0.03265609 0.043313216 -0.009258083 -0.002817761 0.02482747 0.027842883 0.012323985 0.009417524 0.017946705
向量 -0.027132902 0.01624814 0.051144198 -0.011783089 0.046612773 -0.008992581 0.021294495 -0.045617685 -0.0071852286 -0.005015001 0.005110965 0.024049118 -0.018652668 0.034229442 -0.037709396 0.008857428 0.021083107 0.016630502 0.0049611335 0.028895043 -0.022104556 -0.040958837 -0.047459476 -0.04849329 0.027244147 -0.02133017 0.009918212 0.0030282864 0.028180026 0.025968257 -0.045940354 0.048664372
上下文 -0.0041647255 0.011601839 0.034322347 0.010735465 -0.0058170035 0.009524841 0.020361617 -0.022020305 -0.0103300465 -0.04664211 -0.017934045 0.004623975 0.016937576 -0.00065959716 -0.03200238 -0.012105685 0.044011947 0.03650454 -0.026185459 0.0012723589 0.024255889 -0.041618843 -0.0008990376 -0.03199032 0.047370944 -0.03705745 -0.0032876797 0.014814967 -0.01868404 0.018713044 -0.013773277 0.041637015
词 0.02256112 0.016955381 0.034399476 0.0028131984 0.019214202 0.02880158 -0.009100962 -0.03463239 -0.03490886 -0.05165141 -0.036239654 -0.012312863 0.00035594412 0.033619862 -0.0092571415 -0.00996574 0.02989511 -0.0032038838 0.02987529 0.020928403 0.033272587 -0.040536817 -0.0296359 -0.0097214645 0.028162135 -0.03185272 -0.019565776 -0.0050703073 -0.010910322 0.00871463 -0.0057815523 0.03718957
训练 -0.00097578205 -0.004595232 0.063285135 -0.01767907 0.008887123 -0.01711112 -0.010430076 0.019740487 -0.02724295 0.0074468018 -0.0075100674 0.021532344 -0.016825516 0.0006709343 -0.0005425921 0.02294544 -0.0021664996 0.032552082 -0.011446051 0.03225856 0.023126878 -0.016097462 -0.009590891 -0.031665873 -0.0049606287 -0.049360353 -0.0020751206 0.029759422 -0.017947968 0.013632617 -0.0003401434 0.005218987
词语 0.005271828 -0.007939586 0.05569347 0.013737546 0.025243338 -0.012172328 0.00082068745 0.009888027 -0.052948378 -0.003284531 -0.01268621 0.026831381 -0.0050446023 0.014030121 -0.032118365 0.000176387 -0.008732299 0.022689622 -0.020908594 0.029351735 0.014101769 -0.04292046 -0.01109384 -0.025239853 0.045803815 -0.057409756 -0.018196432 0.0029854064 -0.013619741 0.00901706 -0.0068962798 0.0036484168
会 0.000507623 -0.017863095 0.022887832 0.016153185 0.04381264 -0.011011106 -0.0120131625 0.014161265 0.005479456 -0.02026196 -0.014155889 0.003592891 -0.011422256 0.026947157 -0.036640357 -0.038373534 -0.0039657317 0.048818287 -0.0020415012 0.023248125 0.0032358733 -0.0010650589 -0.060186107 -0.050991803 0.016085126 -0.033833537 0.012131892 0.0036032195 0.0034733168 0.048846293 -0.03941261 0.037386764
中心词 -0.0047216504 -9.060747e-05 0.042717397 -0.010215663 0.04311147 -0.004862635 0.004252181 -0.005650446 0.010178877 -0.017013045 -0.020254541 -0.024413215 -0.019591026 0.032702304 -0.04397591 0.020721491 0.012000943 -0.012036845 -0.009602105 0.017287537 -0.009061313 -0.034253336 -0.005568162 -0.0029429144 -0.008234605 -0.031783994 -0.01601732 0.013278926 0.018640334 0.025376359 0.017934395 0.03509414
预测 -0.019989219 -0.022429032 0.032627884 0.032850433 0.04666428 -0.011180049 -0.015546448 -0.036113102 -0.036978465 -0.010497417 -0.0031999082 9.9913166e-05 -0.023029938 0.03444326 -0.017322218 0.014167501 0.039980646 0.0011311608 -0.015087951 0.04393236 0.011600044 -0.023569817 -0.010826582 -0.013565545 0.043426078 -0.03540018 0.031037768 0.030561894 -0.016384108 -0.008025864 -0.009033584 -0.008273973
使用 -0.018841933 -0.002479731 0.05295506 0.036920838 -0.008421383 0.030934064 -0.025944471 0.008195725 0.008089267 0.014214239 -0.02301053 0.033923794 -0.03473772 0.012410851 -0.013646179 -0.015826985 -0.020592641 0.028643548 -0.007868693 0.024914458 -0.0018182495 -0.01659815 0.008096087 -0.03788798 0.030903328 -0.0008707261 -0.0070496295 -0.013214425 -0.028672729 0.038958434 0.017800586 0.00044148118
比较 -0.03664669 -0.019186957 0.0025935827 0.028899593 0.042814713 -0.015459109 0.016827816 -0.029645102 -0.027255613 -0.007811221 0.0068573495 0.035491105 -0.04126864 -0.006115955 -0.029829273 -0.017730901 0.04337648 0.030566452 -0.0079054935 0.04786716 0.004893024 -0.013583295 -0.02564155 -0.038116753 0.04954548 -0.051633105 -0.019561555 -0.015547286 -0.009518955 -0.007841297 -0.043090187 0.033491246
相似 0.024549648 -0.02073689 0.0076352987 0.0058249966 0.038916055 0.017250696 0.017295415 -0.0022061635 -0.018833153 -0.028480953 0.017769348 0.027458195 -0.03861114 0.023125324 -0.037127342 0.011585675 0.030165136 -0.013476932 -0.0015723704 -0.011257795 0.007853459 0.017494624 -0.041590214 -0.017587127 0.045292784 -0.027824072 -0.021888282 0.00015706648 0.002963985 0.02135962 -0.02123256 0.044151217
以后 -0.007539691 -0.010532723 0.065495074 0.034779232 0.022081748 -0.024231251 0.0070131896 -0.0064334827 -0.04311408 -0.010498783 0.013068605 -0.01569177 -0.001774694 -0.0051332354 -0.003160374 -0.012092326 -0.018530907 0.045809 -0.017792897 0.027525572 -0.01472849 0.012352773 -0.0118243545 -0.000869515 0.019085197 -0.029035434 0.0089401575 0.022791902 0.02893426 -0.01311236 -0.004009075 0.0021958242
损失 -0.020827206 0.024023939 0.019630492 0.027044093 0.019745648 -0.009018677 -0.0099809 -0.0078027835 -0.0038043314 -0.013398514 0.019135354 0.032707088 0.00110387 0.024039239 -0.032705903 -0.013997487 -0.010390068 0.00888479 0.030323695 0.016124448 -0.01834617 -0.0066471174 0.0023629456 0.0027478335 0.010723963 -0.02961301 0.002921154 -0.013265337 -0.0085345805 -0.000539893 0.016887564 0.042860385
映射 0.015983744 0.023980418 0.05887645 -0.018444667 0.042607836 -0.020576574 0.00049493066 -0.0033855597 -0.027309302 -0.04016768 -0.02945315 0.030748116 -0.02465565 0.0032368114 0.010913221 -0.028677648 0.037525956 0.04058711 0.009298752 -0.0069263983 -0.016140109 -0.028183635 -0.016669238 -0.03788259 0.018717034 -0.046902675 0.0035622371 -0.02774816 0.017800234 -0.012491412 -0.031698775 0.00028674572
进行 0.015639657 -0.023133961 0.02346527 0.011420114 0.016466985 0.018811028 0.020970989 -0.015016986 0.0030607814 -0.024865609 0.024143582 0.008162413 0.004955053 0.037347686 0.002739551 0.016671345 0.013145747 -0.017305147 0.002994111 -0.0034551353 0.029792994 -0.029431483 -0.036388773 -0.03197863 0.028278345 -0.015370224 0.029677844 -0.0016713161 -0.010237451 -0.01558009 -0.043939676 0.011197174
我们 0.021887595 0.0035704924 0.0476078 -0.019544339 -0.012770142 0.026443973 -0.023966076 -0.034450896 -0.02035813 0.018120063 0.0073723844 -0.016043983 0.012114603 0.03161217 0.0076422472 0.021742623 -0.0069687543 0.041636102 -0.008213238 0.031995486 0.00906165 0.008233706 -0.0074158055 -0.0031221986 0.022599235 0.0015059174 0.015439234 -0.02089115 0.023820724 0.013801222 -0.02049404 0.016753541
数据 0.021642072 0.027346259 0.061462384 0.006393738 0.04042425 -0.00077592157 0.013363879 -0.0030014785 -0.03913129 -0.035893228 -0.03758357 -0.012467091 -0.020341529 0.01677868 -0.04011421 -0.010912248 0.019541973 -0.00011982678 -0.0066068848 0.013160845 0.0074675116 -0.025349712 -0.012770224 -0.03085552 0.021533709 -0.03639031 -0.019035203 0.017663855 -0.008536554 0.005360796 0.0038051317 0.056829568
文本 0.004376792 0.031491503 0.05072254 0.0065653594 0.0335599 -0.0026633323 -0.0017372696 -0.0065846695 0.012305811 0.006985405 -0.00658348 0.018733 -0.031144714 0.032946806 -0.012214409 -0.004148574 0.029089117 0.022131065 -0.024419481 0.00394193 -0.016533101 0.0029223654 -0.049799636 -0.034395445 0.024816232 -0.009268983 0.0015268527 0.026691789 0.029236821 -0.009808134 0.015749406 0.028065534
CBOW 0.0038586988 -0.023737995 0.027453527 0.019206814 0.016021471 -0.022783471 0.001988065 0.022342714 0.0023091086 -0.032064717 0.025211252 0.034876164 -0.029648174 0.027704984 -0.016020155 0.0030055933 0.0043311818 0.027091369 0.0343094 0.029476555 0.02997704 0.01999166 -0.039584268 -0.026215538 0.026897164 -0.008752308 -0.027207201 -0.022835206 0.0049210577 0.01706419 -0.02827593 -0.0059924293
关系 -0.028067749 0.0065975855 -0.012294597 0.009717071 0.010358836 0.0025317864 0.012535683 -0.0055652168 0.0023406583 0.0056568733 0.020774622 0.025425592 -0.007996669 0.009035981 -0.027212437 0.0030342345 -0.015471284 0.036567785 0.024408922 -0.01475327 0.021496238 -0.03324011 -0.0007393662 -0.035808455 0.013821828 -0.0054465127 0.016079847 -0.003231886 0.028576814 0.028510952 -0.027132235 0.02553912
之间 0.009444531 -0.0068201926 0.040844027 0.030738965 0.036339317 0.022130853 0.009840939 -0.023118893 0.0027638117 -0.022513233 -0.0056366683 -0.0034225832 -0.022570726 -0.008047996 0.015187144 -0.026745893 -0.015199062 0.039325994 0.0062845494 0.007500616 0.019281588 -0.01999054 -0.042184032 0.0004930005 -0.0014680522 -0.015986582 0.030124608 0.029230386 -0.0057294075 0.030150492 -0.0036753211 0.017323691
处理 -0.028906617 -0.004707939 0.037118495 0.036974285 -0.014156489 0.019152941 0.022434207 0.01992975 -0.022148399 -0.04033042 -0.02281377 0.03094268 0.012956181 0.022170728 -0.04017192 -0.03071075 0.008263458 0.017133038 -0.026550287 0.028973904 0.009000348 -0.044412307 -0.04573576 -0.015101371 0.03367601 0.00021433817 -0.0030581295 -0.008857799 0.034452613 0.01137533 -0.02375566 0.01782213
开始 -0.037598528 -0.010271142 0.027623247 0.032872383 0.02997312 0.022028694 0.002792173 -0.031243455 -0.022098847 0.01932749 -0.03341042 0.032065943 0.0008946377 -0.0027382593 0.0056495857 0.017072968 -0.019921673 -0.012972011 0.013531208 0.046651047 -0.025843218 0.00019603733 -0.041553386 -0.004098206 0.024990408 -0.043995477 0.013260525 0.028988207 0.027873706 -0.016368879 -0.02547616 0.0024714123
就 -0.008512908 -0.020009642 0.047485836 0.023262054 0.033888817 -0.015931142 -0.029814895 0.020546224 -0.028140558 -0.002966039 0.022177793 -0.022961624 -0.04242268 -0.020455737 -0.034171313 -0.032588515 0.028563835 0.018534582 0.03361843 0.03281784 0.034291968 -0.026791604 -0.0312926 0.008825606 -0.00017820328 -0.046691347 0.011539827 0.022056004 0.035681218 0.039524965 -0.03357046 0.0358348
集 0.016073868 0.0142507 0.041784402 0.026605293 0.008731525 -0.025977014 -0.0026083936 -0.023668062 -0.036456876 -0.034720957 0.008763794 0.0057432693 -0.006779031 0.024681404 -0.007954582 0.004087238 -0.01846412 0.031873323 -0.0004220239 -0.009106925 0.023359394 0.005875016 -0.044063717 -0.030829595 -0.016140055 -0.030311428 -0.024414761 0.01590241 0.0063132 0.04072952 0.007317442 0.023156365
完成 -0.002826633 -0.026928507 -0.011708196 0.010828333 -0.022360625 -0.026738916 -0.017019382 0.020463232 -0.011168749 0.005710174 -0.0080771055 -0.01671712 -0.014596241 -0.019740619 0.009152019 -0.023311334 -0.0026677505 0.037342906 0.0079807965 0.005970397 0.005592303 0.011876879 -0.026898947 0.00088745425 0.033328682 -0.0070447293 -0.0020549118 -0.019270623 -0.011886457 0.035661355 -0.0034339423 -0.0015296609
方式 -0.008916731 0.0065528518 0.016031679 0.015851125 -0.006579795 0.0138481995 -0.0036105271 0.022617053 -0.02925207 -0.030867018 -0.006340159 0.0059289993 0.006066047 0.001240021 0.018515008 -0.005084141 -0.017544698 -0.017502023 0.03093992 -0.014931444 0.030674532 -0.020711783 -0.036545284 -0.01813534 0.017354103 -0.014777882 0.018976372 0.008082535 -0.0047871694 0.015512726 0.023687636 0.00687628
读取 -0.031291272 -0.0035033713 0.05245261 -0.011023644 0.048144445 0.013228695 0.008193404 -0.02185913 0.009808888 -0.04896871 -0.022111187 0.005064495 -0.014038594 0.013398944 -0.0395179 -0.024800755 -0.0129009895 0.019535089 -0.008801573 0.023170255 0.011606971 -0.0025121185 -0.020914365 -0.006499385 0.028515827 -0.013356457 0.008703787 -0.008023986 -0.01071812 0.03453748 -0.023496257 0.029746275
逐行 -0.029069105 -0.0015343763 0.035848133 0.016563175 0.023821048 0.0005999461 0.02952853 -0.0108614685 8.353969e-05 -0.0058599296 -0.006292707 0.037617367 -0.03769097 0.04217614 0.004347671 -0.008653061 0.02941048 0.016817871 -0.013016836 0.04037419 -0.009529274 -0.029837426 -0.026101246 0.005621664 0.018109214 -0.025927804 -0.02683243 -0.020210804 -0.022819277 -0.008532954 0.008796181 0.051641557
采用 0.012884325 -0.026891168 -0.0020150794 -0.008972145 0.020469518 -0.00378688 -0.00036257383 -0.028230812 0.00128106 -0.025102573 -0.035081252 0.023504924 0.016798748 -0.019489696 -0.016441923 0.014756178 0.02298726 0.033222754 -0.004239133 0.00659674 0.01871224 -0.033885546 -0.03447559 -0.00575481 0.028561324 -0.042266935 0.0013854695 -0.004624792 0.0033261399 0.04204551 -0.037153557 0.05149037
应该 -0.012092598 0.018808393 0.022326782 -0.006115184 0.034966115 0.019081187 -0.021559458 0.0033068291 0.0017032103 -0.021728834 0.018676225 0.018825145 -0.021255227 -0.018616267 -0.0030959637 -0.025784114 0.027772417 0.013414436 -0.0005909996 -0.0039942074 0.019369414 -0.035103492 -0.025486914 0.0071668006 0.04671823 0.010734195 0.030647852 0.0072456836 -0.015031734 0.036254592 0.0072148712 0.055244487
语料库 0.0011093273 -0.02172811 0.02664831 0.002629743 0.03898602 0.0010734518 -0.010184361 -0.036040284 0.007197207 0.0013487812 -0.036426123 0.0051204097 -0.011889197 0.009704541 0.012288596 -0.029236492 -0.0005441197 -0.0077478583 -0.01485036 0.04329176 0.034016687 -0.042795844 -0.011462262 -0.030596916 0.0004216993 -0.033071753 -0.018023616 0.003476939 0.034943216 0.020491367 0.002352913 0.023368683
大型 -0.036157094 -0.02489638 0.0026877334 -0.01239392 0.03309373 0.026326632 0.022672014 0.0026252489 -0.006212975 -0.00024130868 -0.010799309 0.017675672 0.011835848 0.023815593 -0.0016340431 -0.03190746 0.022235535 -2.832061e-06 0.015217028 0.013506234 0.027214563 -0.019625017 0.013730053 0.013371236 0.0027182426 -0.014035992 0.0032359324 0.019062052 0.014013957 0.03159695 -0.015432682 0.015941449
两个 -0.007784498 0.027699925 0.0041545676 0.009642066 -0.014549723 0.026153853 -0.006320938 -0.015073794 -0.0052477997 -0.0068571353 0.01858158 0.008534678 -0.0057802666 -0.01653196 -0.03901535 -0.0087574115 0.038837474 0.03408811 0.011039802 0.01721143 -0.003904676 -0.026639653 -0.04301464 -0.018651739 0.0004538294 -0.031198734 -0.013968343 -0.02873894 0.008397587 0.035691246 0.0045756055 0.008186313
度 -0.0106118675 -0.009730988 0.0016302343 0.012592767 0.017984375 -0.025870034 -0.0043355622 -0.021217493 -0.035315312 0.0013942556 -0.0042587062 0.017441299 0.0031180338 0.042148143 0.006353051 0.0037233955 0.03418939 0.009908273 0.033792242 0.030129973 0.013611829 0.015613702 -0.016315635 0.00017514659 0.0035338507 0.011851059 0.008098905 0.019223321 0.00073537126 0.035550512 -0.038193528 -0.0068734232
余弦 -0.004770319 0.017222561 0.04337372 0.00220553 0.022945806 0.009079667 0.030312018 0.002278459 -0.020367594 0.01947694 -0.030457307 0.04021127 -0.031481434 -0.0020072137 0.007285121 0.010602316 0.03932123 0.027330235 0.0119501995 0.0047127544 -0.026939144 -0.033761904 -0.029483259 -0.041360598 0.017617233 0.0001504177 0.029567126 0.0006219139 0.02653569 0.043401085 0.012194257 0.013945597
接近 -0.01347197 0.0333701 -0.00046428238 -0.0009928658 -0.017496003 0.02101194 0.010220777 -0.031649455 -0.027833613 -0.004850586 -0.001767432 0.025166253 -0.022089504 0.03336663 -0.011256791 0.017159875 -0.0100898435 -0.022631057 -0.026863711 0.00026894402 0.03235766 -0.035698008 -0.020160038 -0.03239208 0.03946716 0.00021111469 0.017298596 0.013474151 0.0128251435 0.025601037 -0.03770334 0.034626722
中距离 0.009578022 0.019921063 0.020647444 0.026943354 0.00871383 -0.024096984 0.027701365 -0.027018657 -0.04363647 -0.006955605 -0.02489285 0.034101643 -0.015638344 -0.019865852 0.0138254 -0.0054158634 -0.004363458 0.022568436 0.00476913 -0.014223286 0.021838866 -0.019005965 -0.0076127443 0.010834495 0.028662365 -0.008969203 -0.014661856 -0.015633373 -0.0009338324 0.036472436 -0.010775286 0.0108172
空间 0.012166041 0.027841639 0.0543189 -0.0049718595 0.030360818 0.012428791 -0.0018130486 -0.016865157 -0.044201896 -0.030165115 -0.0049127806 0.035512857 0.009884817 -0.00635907 -0.0040540453 -0.03248512 0.023085091 0.0024781341 0.00041470426 0.030414974 0.0011899709 0.006923236 -0.0191686 0.0175063 0.03126545 -0.03467311 0.018847356 -0.0044706273 0.00682034 -0.008213801 -0.037918005 0.0257601
在 -0.02357357 0.036354948 0.045924474 0.019311216 0.02836394 0.010438246 -0.026318135 -0.016250582 -0.016449654 0.012983367 -0.024987517 0.0084683895 -0.020595847 -0.011711551 -0.038036324 -0.012911759 -0.016978433 -0.018069467 -0.0074070734 -0.0058148247 0.008354828 -0.041128244 -0.03030093 -0.015301118 0.04758239 -0.008756908 0.025077589 -0.008031497 0.00021010688 0.0068122633 0.0134232985 0.045781873
下降 0.025375115 0.01693903 0.017722476 0.0065179802 0.04092009 -0.011227864 -0.0087411385 0.020838154 -0.016712522 -0.02691853 -0.00030159636 -0.006375669 0.016875776 0.034794647 -0.021842903 -0.0031855297 0.03765887 0.024358593 -0.017450105 0.016598947 0.009040128 0.002516538 -0.042556025 -0.023195324 0.03408547 -0.03040884 -0.012603048 -0.009582691 -0.017464863 -0.015355516 -0.01694719 0.03725805
逐渐 -0.037869822 -0.011574183 -0.0037646657 0.01036589 -0.0011559714 0.023265123 0.006104041 0.011760131 -0.0044048615 -0.0180357 0.018068742 0.0055723507 0.017992832 0.043566134 -0.0077406582 0.0042503667 -0.006663635 0.033009123 0.013156294 0.040957086 -0.011523837 0.007811335 -0.020878544 -0.03488561 -0.0040788837 -0.014753076 -0.010571802 -0.02308747 -0.00071169843 0.021694154 -0.021242963 0.047974613
通常 0.011264194 0.00291523 0.056074567 0.0026836728 -0.0050825016 -0.024511354 0.029200384 0.02224249 -0.0007329238 -0.04109 -0.01888337 -0.02225656 -0.04062168 -0.00042122765 -0.011164393 -0.03467697 0.04096876 0.012169425 -0.013140337 0.018771023 0.021391392 -0.023183616 -0.05031554 -0.045693107 0.041194 -0.047661636 0.008412532 -0.0052980264 0.022617765 -0.016122783 0.012722764 0.03462858
增加 -0.009357405 -0.016208302 0.05720633 -0.006069932 0.015774438 -0.0031912134 -0.016569575 -0.011860183 -0.03628434 -0.046336934 -0.018969908 -0.018709913 -0.01653267 0.036033504 -0.03652865 -0.037907355 -0.014715348 0.014801822 -0.013084279 0.015143454 -0.026873376 -0.020818878 -0.025879942 -0.0200481 0.020030046 -0.0024750961 -0.0021520362 0.02413667 0.0060313637 -0.0041192546 -0.02720205 0.008924768
轮数 0.001274975 -0.014567767 0.048225705 0.00455605 0.035138406 0.014980129 -0.009731556 -0.022959782 0.0045028646 -0.022572115 -0.020792298 0.03277828 -0.0103936335 -0.018221067 -0.01230268 -0.00822252 0.030271169 0.023980802 -0.018146906 -0.0088284565 0.008633481 -0.037430767 -0.02753256 -0.03634011 -0.015541009 0.010459979 -0.026029168 -0.029123014 0.030672846 -0.0104105845 0.011836182 -0.013881483
参数 -0.025174001 -0.022067448 0.027511563 0.010503023 0.0060742656 -0.0116258655 -0.025872499 -0.0004275767 -0.025178501 -0.0031388102 0.009144374 0.026132472 -0.006820603 -0.02447417 -0.02198966 0.019028688 0.00952139 0.013732181 -0.0023185941 -0.012110153 0.026979271 0.010358727 0.020293873 0.014054546 -0.0024246683 -0.025678745 -0.014638111 0.028130585 0.006426655 0.0042106328 0.02309662 0.018904999
中 0.020245617 0.0340539 -0.005391536 -0.004173343 0.026711041 0.025852041 -0.022440167 -0.019470256 -0.010430804 0.005355994 -0.029193852 0.012462784 -0.022939732 -0.007805657 -0.011629875 -0.00977071 0.018509774 -0.0024195793 0.021461014 -0.015199245 0.025331877 -0.040144123 -0.0011237132 -0.02203112 0.0087701185 -0.045826122 0.015098413 -0.01908983 0.014010694 0.025493717 0.012788359 0.03143075
不断更新 -0.019506881 0.019414632 0.044362627 -0.0065495456 -0.011176343 0.031497955 -0.023247603 -0.0014708019 -0.030284166 -0.037685387 0.012686319 -0.015677415 0.00036120747 0.023437275 -0.04154795 -0.025047762 0.030969523 0.009948558 -0.024187582 0.044484727 -0.012737659 -0.042301185 0.009901555 -0.04385312 0.019792512 0.013984355 0.0060523865 0.008471819 -0.00319658 -0.012404194 -0.004783678 0.044996675
传播 -0.033301916 0.028243497 0.018817106 0.0075856177 -0.007451529 0.014239404 -0.021302484 -0.022083137 -0.00050111994 -0.043250762 -0.008425496 0.012642088 -0.034536473 -0.0019463139 -0.024196094 0.004925266 0.041843798 0.032614056 -0.018310292 -0.017035251 -0.026182786 -0.004456021 -0.039418012 -0.031822905 0.0395158 0.005918151 0.023492072 -0.013562145 0.011524396 0.02006602 -0.030189 0.024168054
反向 -0.0031030464 -0.003444659 0.03347952 0.015273739 0.011246093 0.019876204 0.016110964 -0.001011142 -0.024577884 0.0056466497 0.009927617 0.035938755 -0.029144635 0.0031947042 0.016427454 -0.0028891154 0.03710216 -0.023208352 -0.028549599 0.02923764 -0.0067437747 -0.0070379274 -0.01741719 -0.01597286 0.04029635 -0.03818079 0.01796113 0.026309956 0.013175618 0.0016971306 -0.028732639 0.026406182
准确 -0.0064698537 -0.021040512 0.0065506366 0.03316653 -0.004369312 -0.015967524 0.011909462 -0.023336632 0.017079158 0.014949884 0.027272537 0.030184656 -0.022704244 -0.010121211 -0.019296288 -0.0052803224 0.03000024 0.022111354 0.011620672 0.034045193 0.011346723 -0.01471742 -0.016444499 -0.0071011167 -0.014667344 0.0028964747 0.0101221455 0.016122222 0.0044433917 0.026004368 0.022191558 0.017018344
是否 -0.010206514 -0.023784418 0.03930243 0.030839449 0.02700496 0.027571559 0.02366937 0.012746648 -0.012344738 -0.037480623 -0.037092235 -0.013536336 -0.013546013 0.025667777 -0.01513259 -0.034788884 -0.010019871 0.04056863 0.03334687 0.006429009 0.022529628 0.0045094453 0.012228858 0.012664947 0.022978537 -0.02317878 0.008499293 -0.008165113 -0.005566078 0.018513426 -0.0036983509 0.021427447
衡量 -0.012959693 -0.003924632 -0.01119403 0.012234193 0.017626252 0.031812273 0.0012401042 -0.0070004063 -0.038914476 -0.031039786 -0.014514227 -0.0020617335 -0.017490592 0.0021147816 0.005257217 -0.028051436 -0.0031807001 -0.010843973 -0.00969489 0.024243176 -0.024926513 -0.019404951 -0.044443775 0.018124092 0.028052438 -0.03191202 -0.019418646 -0.023454128 0.0025710906 0.026797852 -0.003215897 0.040775176
熵 -0.016220838 -0.012888588 0.021123629 -0.013379587 0.045376558 -0.015414019 -0.00043336579 -0.004710806 -0.041720256 -0.015166285 -0.00714536 -0.009577425 -0.033889852 -0.017823098 -0.044348132 -0.006660554 -0.018106667 0.040375542 -0.014332776 0.02502828 0.0148642175 -0.009829528 0.007801622 -0.037338275 -0.0015026885 -0.03320745 -0.023152497 -0.0105597805 -0.0072788727 0.028341437 -0.022071104 0.042607613
交叉 0.012775467 0.02698877 -0.00895757 0.03502692 0.017723579 0.0349987 -0.008488059 0.02461093 -0.0036464357 -0.03577491 -0.008317693 -0.018803028 0.021260409 -0.004117729 -0.027338764 -0.0005352552 0.0015968357 -0.017150855 0.021824755 0.03253318 0.018269198 0.00021783463 -0.018798333 -0.0060351533 0.012989518 -0.0342883 -0.026388597 -0.014188352 0.00048688723 -0.013527421 -0.030760432 0.035951883
根据 -0.014858049 0.007839746 0.022966329 0.020274244 0.029691903 -0.008792711 0.023717636 -0.014943152 0.009957755 -0.017714415 -0.030829655 0.0223757 -0.03980872 0.029706806 -0.041718386 -0.0233115 0.015466969 0.03795936 -0.003983333 -0.011977584 -0.014992911 0.016771976 -0.0013090522 -0.03671077 0.006578925 -0.031749558 -0.020819364 0.025061455 0.009818653 -0.010676964 0.00016139033 0.011108085
层 -0.032073125 -0.0024388696 -0.0064519066 -0.013421577 0.03294768 0.015881725 -0.02321009 0.017979342 -0.0014455221 0.017535802 0.012569373 -0.007100998 -0.003651604 0.009332709 0.005760863 -0.018730512 -0.0046691373 -0.009785397 -0.012344713 -0.014388834 -0.028635975 0.02306614 -0.036856692 0.016153889 -0.023467267 0.0072791306 -0.010648862 0.003968982 -0.012674193 0.005421355 -0.008707596 0.011549113
输出 -0.011836328 0.0034774318 0.035528976 -0.00066591386 0.0009819191 -0.0200065 -0.008413173 -0.02827814 -0.027780024 0.02091315 -0.02973665 0.0035195132 0.014695628 0.036731344 -0.031211643 -0.02458614 -0.001556769 0.0108359065 0.030323438 -0.010350822 -0.02031868 -0.020748716 0.013617306 -0.038435962 0.0018110678 -0.034636214 -0.021875005 0.028912136 -0.029840836 -0.004713354 0.020028602 0.016903583
融合 -0.030195206 -5.2670395e-05 0.04380977 -0.0034693235 0.009347422 0.0064611207 0.011742051 -0.023303537 0.012766388 0.023043262 -0.025774024 0.024330443 0.01581696 0.022143696 -0.01663121 -0.0054370407 0.027496094 -0.01564881 0.02296361 0.0364067 0.013985023 -0.016797762 -0.006529437 -0.037002467 0.03761922 -0.02046626 -0.027333086 0.020703234 0.011474947 0.013945709 -0.035270926 0.025997227
平均 0.0035635498 0.021390421 0.04374807 -0.013421668 -0.0057081557 0.03377375 0.0042116847 -0.01045526 -0.027260767 -0.0021388442 0.011601442 -0.024438547 -0.0029444492 0.042344466 -0.02723119 -0.018820427 0.0345207 -0.016931375 -0.0024943242 0.01188114 0.023651157 -0.033971507 -0.021846302 -0.036754206 0.03609856 -0.009159704 0.0008115322 -0.004646848 -0.019413944 0.037552744 -0.0019215088 0.006213614
求 -0.011208148 0.017273027 0.03659814 0.0028175935 -0.00020058927 0.017455176 0.012275038 -0.0006365785 -0.041094918 -0.012815005 0.0030609502 0.03590041 -0.0057364875 0.0018513562 -0.009736268 -0.024940988 -0.015493735 0.021297898 0.034249313 0.037798565 0.010537283 -0.03961641 0.014029483 -0.01701369 0.0036194765 0.0071196943 0.016583053 0.01856764 -0.011992749 0.041892648 -0.014867832 0.019508105
通过 0.011009498 0.01305986 0.00087574014 -0.008016931 0.002710243 0.034489073 0.015341678 -0.014688659 0.0021001252 0.0045238286 -0.010723469 0.0008386967 0.01841408 0.014238487 -0.03442862 0.009445417 0.015242966 0.010061317 0.017839588 0.039348166 -0.006009325 -0.0151359355 -0.035425395 -0.0039295545 0.009672042 -0.025440112 0.013480596 -0.003028299 -0.00017748273 0.006312667 -0.02549926 -0.007362616
多个 0.016622158 -0.023747597 0.005067336 0.013384053 -0.014687693 0.014916158 0.01610748 0.005856838 -0.021873273 -0.036835376 0.021522203 -0.0057711406 0.014255584 -0.010931846 -0.030140396 0.014118338 0.03482187 0.029574038 0.0189152 -0.0056740977 0.029290732 0.0037095116 -0.032054894 -0.032740638 0.03506684 -0.025735157 0.01760843 -0.021186735 -0.01232621 -0.0054598274 -0.021399 0.022606777
低维词 0.020515503 0.0281643 0.034301702 -0.014133124 0.040620316 0.0068573398 0.0021574101 0.0071398527 0.006294738 0.01975358 0.0008858162 0.013010508 0.008088796 -0.007135461 -0.023672268 0.004402299 -0.020449843 -0.0029664978 0.015779378 0.043861717 0.0029772904 -0.01275688 -0.017145354 0.0005904142 0.016267039 -0.045293193 0.0024081382 -0.002375145 0.01439402 0.03411182 0.021526892 0.02300444
转换成 -0.017064866 -0.0010021916 0.0043487134 0.034002732 0.037807498 0.028265737 -0.011123512 -0.01968977 0.009015259 -0.009543735 0.0057946695 0.008253893 -0.012997197 0.020131197 0.005966354 -0.015533447 0.029591018 -0.006379603 -0.004567536 0.044098347 0.031584732 0.017988073 -0.029908787 0.009256718 0.045154873 0.011194787 -0.031319708 0.020930864 0.034626007 0.029402694 -0.028397111 0.036467914
编码 -0.032846645 0.0014132999 0.02949175 0.0033844868 0.026655907 -0.011701751 0.006573948 0.0018840054 -0.003236643 -0.023671208 -0.017490614 -0.0076885973 -0.010526591 0.015291741 -0.021383362 -0.00960791 -0.003955331 -0.008715998 0.012021408 0.036572237 -0.010704985 0.01534897 -0.01192363 -0.033386234 0.008250718 -0.048627775 -0.029599499 -0.005272419 -0.00034796665 0.031319667 -0.033471826 0.040383752
独热 -0.028096529 -0.018727913 0.045862198 0.025841657 0.027538614 -0.017081862 -0.02514558 -0.017645009 -0.0203583 0.01675371 -0.021662094 -0.007416515 0.015708284 -0.007963717 -0.04863483 -0.0108054485 0.008772423 0.021569066 0.028224543 0.050937265 -0.010980303 0.019712426 -0.015700534 -0.046981487 0.051640935 -0.049114857 0.005961396 0.025305206 -0.011476309 0.0041703205 -0.016746664 0.051536933
把 -0.024854908 0.0129906675 0.020403124 -0.018320492 0.02797141 0.026606044 0.0041259313 -0.028491838 -0.0348751 -0.015489187 -0.005442221 0.010965289 -0.024905685 0.010585886 -0.026245028 0.0076370006 0.028242264 0.01901071 -0.029829198 0.04758748 -0.02767999 0.024152655 -0.047233306 -0.010628065 -0.0081531815 -0.04342954 0.011837872 0.01979283 -0.02157482 0.042869147 -0.021357005 0.0076838974
首先 -0.019473044 -0.0002722448 -0.0014389392 0.00084785157 -0.0064767124 -0.024488539 -0.009011127 0.00467852 0.006275244 -0.019259378 -0.01608067 0.02471957 0.0034595684 0.029746518 0.014811818 0.01595073 0.035341553 0.002615314 -0.004853654 0.0026734394 -0.014608045 0.009102252 -0.00023960196 0.008907141 -0.0066506243 -0.015116995 -0.017922848 0.028593674 -0.011430242 -0.011971839 -0.003900248 0.03940945
周围 0.02091879 -0.022709666 0.0075990837 -0.01747003 -0.0004043209 0.0068783686 -0.0134909535 -0.03394966 -0.009178379 -0.041463345 -0.02368836 -0.026894115 -0.03538475 0.005809215 0.010756275 0.013258431 -0.017554231 -0.021493189 -0.009441745 0.02089529 0.01881492 0.011636642 -0.023582619 -0.031627793 -0.016163178 -0.036353983 -0.027024236 0.025154397 -0.011476295 0.029400306 -0.0055581983 0.018021315
提取 -0.010769647 0.022429615 -0.0014302427 -0.01983612 0.012465891 -0.0008106214 0.0044185896 0.0072095795 -0.009072629 -0.0344835 -0.019271573 0.023048297 -0.032136258 0.0154910525 -0.012669256 0.010445808 0.024908597 0.009997542 -0.010722957 0.009849755 -0.0016302234 -0.030382054 -0.011614405 -0.033964995 0.028703285 -0.005944472 0.028240042 -0.021114493 0.021681644 -0.014401186 -0.023526616 0.002380913
用来 -0.029665703 -0.018392311 -0.0030605092 0.02737526 -0.011677915 -0.0005128477 0.0145582985 0.023470515 0.008311235 -0.041654695 0.022986384 0.01624673 -0.033133376 0.011058422 0.011414531 -0.011571587 -0.00893625 0.034580305 0.031824514 0.047959212 0.03320401 0.010772392 -0.021763021 -0.03521459 0.026817989 -0.039348856 -0.0015256142 0.012685709 0.033344895 -0.0012140998 -0.02933422 0.038064606
窗口 -0.03710549 0.006139765 0.03338381 0.006889277 0.0037542852 0.02623055 -0.0074430094 0.008008406 -0.012159792 -0.042100463 -0.0038627791 -0.023707017 0.017955376 0.016589394 -0.01861739 -0.004380559 0.015077382 -0.0068492037 -0.0114183575 0.006179647 -0.012531886 0.007955134 -0.038034588 0.010249632 0.003806463 -0.0102828 -0.021211263 -0.0055226204 0.019532269 -0.0051635946 -0.031271007 0.016341032
滑动 -0.024960332 -0.010251181 0.008927105 0.0065538255 0.016365616 0.013806152 0.02211958 -0.031110423 -0.015074458 -0.0394717 -0.034716833 -0.014848975 4.9125065e-06 0.031332355 0.009877608 0.007107453 0.022318207 -0.015295459 0.022614852 0.032979768 -0.023305368 -0.007811597 0.012149554 -0.009063826 0.03050889 0.017009942 -0.001626742 -0.02587511 -0.007545127 -0.012119995 -0.0076341904 0.016542105
长度 -0.0054412605 -0.017547047 0.0072004767 0.016423924 -0.01812031 -0.015263632 0.028548557 -0.03089224 -0.016752966 -0.029739188 -0.030164868 0.00073621335 -0.007050881 -0.011107196 -0.036579512 -0.027872685 0.017011734 0.032257963 -0.016381737 0.00011262744 -0.0065641617 -0.018494746 -0.03186811 -0.03875949 0.015417185 -0.025474908 -0.008702973 -0.013377001 0.033037547 0.01730814 -0.01577697 -0.0033870488
相同 0.0145412795 0.027108697 -0.007229718 0.03241668 0.026977524 -0.02185782 0.019093126 -0.030548465 -0.04169096 -0.037437014 -0.007230215 0.014019646 -0.015496203 -0.01326906 -0.03157764 0.01810245 0.038460784 0.028287817 -0.02330103 0.034224167 0.014910461 -0.008227974 -0.039822925 0.020394884 0.011776543 -0.048415568 -0.017491998 -0.003361834 -0.022350077 -0.0007143234 -0.013313586 0.046640705
具有 -0.032458454 0.0077324156 0.055385597 0.027246213 0.04551326 -0.016696528 0.024756368 0.021670965 -0.028102353 -0.01699203 -0.0051625078 0.009374014 -0.02649638 0.045015622 0.0137151815 -0.0139572425 0.033029754 0.00926121 0.023004029 0.022695038 0.002868463 -0.037449192 -0.014757171 -0.027282191 0.0036541193 -0.04593002 0.03294109 -0.021914726 0.026413826 0.038332693 -0.046019766 0.02993783
保证 -0.00041867656 -0.006825885 0.035618562 0.0011006254 0.011712767 -0.00014418396 0.023518266 0.00063370843 -0.022769555 0.0131822005 0.012953987 0.035744656 0.003028811 0.0049254145 0.0034413063 -0.016555848 -0.004031667 0.010483515 0.033035435 0.021118004 -0.0036984952 -0.014211065 -0.033828925 -0.004485156 0.00931242 -0.018865863 -0.007110735 -0.008233426 0.035920884 0.0036417618 -0.04101436 0.013363063
符号 -0.0027043892 -0.023667555 0.008943665 -0.015765058 0.013626492 0.016670017 0.033044416 -0.012783672 0.01016065 -0.030439846 0.013172177 0.010255112 0.0066469368 0.02697591 -0.0096346745 -0.020222496 0.0109611945 0.03207088 0.032768745 0.040308673 -0.017255954 -0.0034306804 -0.04199485 -0.0010849534 0.04588255 -0.046845384 0.011240496 0.030150987 0.02777926 0.0039551863 -0.036247496 0.043758176
填充 0.022982115 0.0072957617 0.04782961 -0.026292898 0.018313568 -0.026340282 0.029928837 0.0062581208 0.015273481 -0.00609513 -0.030405046 -0.024051372 -0.017613307 0.023609264 -0.03171772 0.017911451 -0.008920936 0.008766066 -0.01654645 0.00898866 -0.00061716145 -0.039859932 -0.010162807 0.009136539 0.03996551 -0.025737077 0.024564743 0.026263297 0.035276685 0.0011232039 0.013487274 0.01853758
未知 -0.029335717 -0.011883575 0.028207589 -0.018169213 0.006483657 0.021221902 -0.020732 -0.0062252227 -0.029819231 -0.007954682 -0.021753106 0.03547321 -0.03328365 0.037796378 0.009522135 0.018600985 0.029278172 -0.0111150425 0.030680275 0.013689313 0.03203049 0.01601543 -0.007861843 -0.017285952 -0.011324186 -0.038940057 -0.0062572416 0.019705063 0.0030567925 0.008346728 -0.024800373 0.015793938
为 0.0042918324 0.03512946 0.04100669 0.0130580375 0.041334573 0.0010476797 0.029887728 -0.01739368 -0.040730063 -0.019874532 -0.031639036 -0.016703587 0.013609986 0.033008426 -0.03230839 0.017115908 -0.018020604 -0.001400155 0.017646832 -0.0003559706 0.019427052 0.012045639 -0.047356073 -0.045789417 0.048046127 -0.019549077 0.0013785433 0.00015675813 -0.00087912823 0.02674713 -0.0068675997 -0.0043374635
被 0.002450782 0.0171261 0.005891809 -0.0003896271 0.037096173 0.014441987 -0.022540629 -0.037667 -0.012879859 -0.019465912 0.019294757 0.011136781 0.015175876 -0.0026446786 -0.018874384 -0.027984222 0.016344214 -0.005864822 0.0035229267 0.004517603 -0.015970515 -0.038186096 -0.022083284 0.010562536 0.0021047653 -0.029022658 -0.016129347 0.021106672 -0.0018199843 0.045695893 -0.028723605 -0.005906255
过少 0.00096434506 0.014779118 0.059043694 0.03035151 0.042261995 0.0143522695 -0.007392692 -0.013258957 -0.041166786 -0.020407112 -0.017613811 -0.01876571 -0.02955848 0.016552318 -0.023799088 0.026227146 0.009167456 0.0429096 0.014511132 -0.015061278 -0.015010486 0.00049171684 -0.020149196 -0.028274598 0.022255829 0.0027218391 -0.0060778144 -0.026736265 -0.007841073 0.04403105 0.0035926888 0.041264124
次数 0.02192386 -0.01982661 0.010401645 -0.022377523 -0.016108919 0.025859123 0.028569028 -0.029260552 -0.0002561456 -0.010219667 -0.035304163 0.03478018 0.015134963 0.016076278 -3.4943645e-05 -0.010577298 0.028040526 0.007316905 0.034124196 -0.016482862 -0.01813194 0.019319445 -0.03206616 -0.025496194 0.03607285 -0.03856898 0.0018397288 -0.011355192 -0.016299961 0.04246558 -0.02938367 -0.009967838
出现 0.007020364 0.027002806 -0.0068666423 0.017514782 0.013665418 0.024998564 -0.02302613 0.025220985 -0.0022022645 0.012283745 -0.013616344 0.033950623 0.0017940465 -0.014915847 0.017252252 0.016161697 -0.0062498534 0.010787213 -0.0044237454 0.011343525 0.031365346 0.016881356 -0.030980216 0.019779822 0.007947566 0.00013976984 0.017486185 0.00048881635 -0.0008757411 0.0067480183 0.015787927 0.005029788
编号 -0.018721106 -0.0056252503 0.0053206896 -0.0011550413 -0.0088422075 -0.02047503 0.015196691 -0.033677794 -0.010967117 0.004169196 0.006600738 0.004696908 -0.030281644 0.0399021 0.008872092 0.0035236343 -0.016832577 -0.01772779 -0.009678295 -0.010661873 0.027304167 -0.030171625 -0.032274902 0.01712983 0.0381981 -0.03612975 -0.0048294333 0.0025298647 0.014476749 0.04079589 0.013051884 0.04671937
和 -0.0350546 -0.014949962 0.031012483 -0.021757554 0.0073108086 -0.015907131 0.028969036 -0.035928305 -0.037613742 -0.0326897 -0.030750273 0.015087702 -0.020476859 0.038990084 -0.029758878 -0.0034855183 0.02103565 0.022438262 0.023101943 -0.0059849783 0.0050171637 0.005498638 0.003801559 -0.008423827 0.03017617 0.0031595503 0.0106483055 0.0309222 -0.020033639 0.005016223 -0.036329485 -0.0082856305
了 -0.008071012 -0.014852345 0.020194089 0.0017768334 0.024187034 0.033034455 0.02406239 -0.01591391 -0.027318213 0.0026448509 -0.03167944 0.012789769 -0.016939081 -0.0070303846 -0.006375657 -0.01644925 -0.009239924 0.022277186 -0.017108902 0.023764806 -0.016483698 -0.017700015 0.0005209333 -0.031505153 0.036741193 -0.005925182 0.028306087 -0.018263578 0.01838822 0.04207516 0.0047846693 -0.0012992799
记录 0.015433877 -0.02314321 0.02685286 0.004660455 0.014825368 0.0057163746 -0.028350059 -0.0067853113 0.015138123 -0.013888159 -0.021394048 0.039254587 -0.034906473 0.00972287 -0.009718176 -0.004540415 0.034129996 0.004657998 0.033155788 -0.018054346 0.01849322 -0.0038797832 -0.031037644 -0.028128406 0.029350283 -0.006329927 0.009289486 -0.026435105 0.008753017 0.042418085 -0.039344244 0.011125597
词表 -0.0046606357 0.026220055 0.0053687696 0.0027284992 0.024763292 -0.023402339 0.020176971 0.014605911 0.0018116689 -0.00041863407 0.009616181 0.024533262 0.017339716 0.0044210046 -0.012747028 0.0044373604 -0.012402393 0.031413507 0.018944042 0.018315218 -0.009228117 -0.019392768 -0.017186854 -0.0005728539 0.031945623 -0.003345821 0.028986352 0.03106757 0.015828935 0.0023650324 -0.0018734819 0.007834947
分词 0.0052789813 0.022451855 0.008520411 0.0038383338 -0.01965856 0.019607028 -0.00057496794 -0.006872282 -0.00817775 -0.024786398 0.0026656038 0.020497197 -0.015975531 -0.015593364 -0.015912065 -0.022217665 -0.0014964679 0.015861595 -0.024404071 0.02498786 -0.014799898 0.017819693 0.0038898617 -0.023467347 0.014161195 -0.036661 -0.025129106 0.030515853 0.020876007 -0.016315479 -0.02098415 -0.00823388
中文 -0.011557231 -0.010180203 0.01149128 0.0070486106 -0.0074830796 0.030771902 0.014283719 0.010805967 -0.033392355 0.003916145 0.016483946 -0.013258479 0.0069796774 0.0015383774 0.0069268285 -0.005834724 0.027976101 -0.011169243 -0.0056614117 -0.0012645568 -0.013004894 -0.020974884 -0.021871697 -0.035333417 0.02688268 -0.012555345 0.021441188 0.015342118 -0.020111568 -0.017857619 -0.014364884 0.013839963
对 -0.021919757 0.021420062 0.03305582 0.022016231 -0.010169078 0.027924499 -0.017764159 -0.010394462 -0.019694561 0.0076572113 -0.01984562 -0.0076500205 -0.021233885 0.0035951356 -0.034085497 -0.025747744 -0.0065254397 0.011662435 -0.009156216 0.0096907895 0.018454688 -0.02707192 0.007982309 0.0007622082 -0.0026557765 -0.031543456 -0.020267691 -0.011441177 -0.004923137 -0.01220688 -0.04202239 0.014717075
工具 0.006710277 -0.009081947 0.050089847 -0.0020332637 0.039362952 -0.008533935 0.0024438675 0.009756102 -0.044057485 0.016100291 -0.013969022 0.008870981 -0.002838491 0.02141127 -0.044083476 0.017703407 0.017657483 0.044366673 0.00036829372 0.023166658 9.260674e-05 0.014070835 0.0033510765 0.011803993 0.017890545 -0.0006905052 -0.008513147 0.00059367646 0.019821553 -0.0153373405 0.0022967684 -0.012606506
结巴 -0.0007801159 0.0020099145 0.02153555 0.0050940276 0.011231124 0.0012179483 -0.0032031052 -0.0017463971 0.002738182 -0.0058651133 0.0045467345 0.029432623 0.021274386 -0.013888461 0.0022185694 -0.021565849 -0.010157085 0.029465465 -0.026454888 0.034963857 0.020077912 0.021870332 -0.0028317668 0.0113895545 -0.009888437 0.009159391 -0.021040037 -0.008939153 -0.02116068 0.0039061499 0.007163433 0.0011532184
效果 0.016880024 0.008137376 0.021991704 0.030639242 0.0032359695 -0.0067977714 0.03139781 -0.000912667 -0.0010122848 -0.020963237 -0.022230133 -0.016880888 -0.022930723 -0.012746066 0.008562363 -0.030059384 0.012680856 0.03322282 0.01794899 0.0016575906 -0.02593938 0.015027617 -0.04122164 0.0048958277 0.019610744 -0.028837759 0.014592167 -0.017917491 -0.014291426 0.026243271 0.025223013 -0.005477004
提高 0.021732608 0.028366502 0.038125347 -0.01769197 -6.060297e-05 0.014869858 0.032441434 0.014047596 -0.017508026 -0.029040143 0.023680165 -0.007879461 -0.019381924 0.03773256 -0.0067596673 -0.018923398 -0.02353876 0.0048469496 0.032594413 0.0080617685 0.015984906 -0.024419338 0.0023389927 0.0074146637 0.020646928 0.00097518985 0.0049531492 -0.0044466094 0.019784052 0.032155003 0.013705475 -0.0024888795
高质量 0.006947707 -0.029662376 0.020591266 0.0084502995 8.070869e-05 0.03351801 0.024541324 -0.03264028 -0.028176846 -0.027289411 0.021779722 0.0059692427 0.0072604143 0.02574558 0.0088768955 -0.029052116 -0.016830489 0.0013499339 -0.008170846 0.0248156 -0.01870057 -0.0147813605 -0.028225707 -0.026937526 -0.010016978 -0.030796798 0.0045345007 -0.003760748 -0.0008542793 0.007572844 0.008789713 0.0339645
语料 -0.0020951114 0.011365154 0.029514987 0.016672768 -0.014810351 0.035282347 -0.020876458 -0.010274017 0.0013699052 -0.013890074 -0.019105095 0.03167078 -0.033983245 -0.008309921 0.022873532 0.011751375 -0.018733103 0.022579174 0.031192493 -0.015873803 -0.003119776 -0.008367006 -0.034361895 -0.027801368 -0.010276523 -0.031033903 -0.00498856 -0.00059498055 -0.014738055 -0.006249074 -0.027570771 0.029632846
准备 -0.023499845 0.029850513 0.024204455 0.025969282 0.021685064 -0.008315535 0.005643695 -0.021227755 -0.036214113 -0.026596444 -0.01954182 -0.015599412 -0.040679585 0.039574914 -0.01109628 -0.009943317 0.03712969 -0.0074026296 -0.003899585 0.034864802 0.010980394 -0.015913812 -0.031451453 -0.04256225 -0.0115016615 -0.03772695 0.019514805 0.011822546 -0.0014174597 0.029107995 -0.03159647 -0.0021849216
先 -0.013083457 0.03187495 0.035559457 0.031101858 0.00026821732 0.030375823 -0.027909566 -0.026564684 -0.014564002 -0.043958947 0.01630049 0.03280392 -0.011551821 0.0013864392 -0.03950472 0.0019944927 0.015216143 0.02921422 0.009292864 -0.0065300437 -0.02054319 0.0063509247 -0.04407135 0.011742881 -0.0060193506 -0.0070821256 0.032621697 0.0003384168 -0.024859028 0.03812967 -0.033588108 0.022354659
需要 0.025355026 0.019443547 -0.007017686 0.027222333 -0.009142694 0.021055438 0.0077386424 -0.020578604 -0.017270666 -0.036643103 0.024382899 -0.008359153 -0.02348785 0.011056645 -0.00090322254 -0.0037677847 0.010198516 0.015218569 0.025011115 0.006365812 0.023736851 0.009065401 0.012325981 0.01309899 0.033514887 -0.032425247 0.018331511 0.017586114 -0.010609285 0.022338899 -0.025845654 0.017340612
之前 0.013602133 -0.015694914 0.010145875 0.025051868 0.009045741 0.03439065 -0.031138923 0.006852668 0.0076767 0.014928956 -0.026976297 0.037659053 -0.016805576 0.0008040098 -0.019589858 0.004468659 0.018603388 0.0072089806 -0.023580689 0.042816337 -0.015119332 -0.034945183 -0.0090784365 -0.016555753 0.020892024 0.007986017 -0.024140103 -0.01078777 0.004076571 0.028548127 -0.0030382941 0.0074643735
语义 0.0029873352 0.03262508 0.017613407 0.028578874 0.029555203 -0.008650949 -0.014348098 0.010112113 -0.030117217 -0.021055114 -0.02177207 0.012643981 -0.02137571 0.019542396 0.017800614 0.017136864 0.03522085 -0.02051663 -0.0014120246 -0.008868249 0.029939517 0.004428795 -0.026094195 -0.0050458433 0.019997668 -0.0147959255 -0.00041235844 -0.026681652 -0.00024175349 0.00020396039 0.012047224 0.037443317
表示 0.011810889 -0.027219841 0.03762655 -0.0022925313 0.0043971017 0.0320343 0.02394934 -0.03365178 -0.01890627 0.006940912 -0.0013379969 -0.0101468135 -0.005456271 0.031344112 -0.026252959 0.012717864 0.020903986 0.032066505 -0.010507696 -0.009362245 0.0059545115 -0.0051313355 -0.01811842 0.009114468 0.030476794 -0.028633762 0.019906456 -0.015205939 -0.0040485566 -0.02131361 -0.01749048 0.04091479
方向 -0.007455062 0.015030551 -0.008748127 0.012696848 0.002442396 0.019023627 0.027292982 -0.003413993 -0.035812277 -0.011926003 -0.029732142 0.0020448368 -0.034357045 0.017987953 -0.022294842 -0.022793962 -0.025367593 0.031820428 0.02347978 0.030175848 -0.024788456 -0.017395569 0.017935341 -0.002392232 -0.011827686 -0.03434834 -0.014773094 0.03229039 -0.017686527 0.032967485 0.004231852 0.038786624
重要 0.016163986 -0.0078884745 0.04330241 -0.015179649 0.00047057684 -0.013833828 -0.023167955 -0.033597156 -0.035107754 -0.03852089 -0.0148795005 -0.02037163 -0.036807958 0.042780377 -0.040054303 -0.03340729 -0.021820158 -0.013942229 0.004775224 0.035636045 0.019267848 -0.0058924607 -0.043159757 0.0069422354 -0.0129537685 -0.008322801 -0.004705648 0.027441952 -0.007294822 0.019547755 -0.014013791 0.018675257
人工智能 0.022764344 0.016223632 0.018827135 0.00300727 0.028132517 -0.0044903746 -0.020187464 -0.010488754 -0.043270133 -0.03627641 -0.013351642 0.025859332 0.0074878777 -0.0022400739 -0.02022499 -0.028865319 0.023875711 -0.0056498526 0.02172836 0.03719483 0.017031122 -0.022317948 0.010312736 0.0004096766 0.026389297 0.004506617 0.024782777 -0.022758964 0.028237203 0.028848138 -0.028836753 0.006176101
是 0.010354947 -0.015493566 0.020433769 0.018243281 0.024501251 0.031552847 -0.024428708 -0.021102188 0.014990114 -0.009989835 -0.023932368 -0.005201957 -0.020137608 0.016598925 -0.028390244 0.0011239086 0.004853805 0.017466139 -0.019203974 0.023403771 0.030825878 -0.0341341 -0.028086457 0.0013925161 0.023630982 -0.005865926 0.0042079464 0.015043322 0.010792624 -0.015104322 0.0056035174 0.014936572
自然语言 -0.031835288 -0.003676206 0.011970523 -0.021568758 0.041731674 -0.0136659 -0.010276678 -0.009173609 0.010062888 0.0045134346 0.011620552 -0.011458679 0.0142246215 0.029985595 -0.0126905 -0.0022171119 -0.024141476 0.023792997 0.031244883 0.009349151 0.005402312 -0.008231991 -0.03814594 5.6374098e-05 0.025269337 0.015083258 0.027430713 0.0017717779 0.03162035 0.0093298955 0.0023927696 0.019340204
