115 32
<UNK> 0.077064 -0.081699 0.078132 0.022506 -0.047434 -0.080898 0.077614 0.035697 -0.007974 -0.043445 0.044656 0.051202 -0.028544 0.033996 -0.019007 0.038861 -0.083041 -0.062908 -0.043608 0.032432 -0.033952 0.022616 -0.034381 -0.041062 0.038565 0.000317 0.084960 -0.048341 0.009242 0.051822 -0.040276 0.088036
的 -2.696150 0.473270 0.165843 0.435523 -0.757600 0.174790 -1.480839 1.463739 1.222854 0.007098 1.319680 0.304899 2.595319 -1.924819 0.167409 0.844102 -1.719617 -0.312648 -0.122458 1.464277 0.798979 2.341377 -0.215133 -0.291157 -0.890059 -0.783037 0.717141 1.905663 0.926322 0.573333 0.503677 0.200503
可以 -1.067083 -1.766216 -1.000873 0.847570 1.980027 2.838441 2.049417 -1.841277 -1.864206 0.161687 3.268946 1.876815 1.703239 2.083165 -1.631153 0.359326 0.836454 -1.185439 -0.263321 1.396702 -0.202140 0.288605 -2.587126 1.611947 1.270290 0.421039 0.141042 -1.022602 -0.252006 0.427651 -1.740456 0.273684
模型 3.261759 1.363535 0.493069 2.018347 0.175767 -0.370866 2.076878 0.980892 -0.070366 1.416543 -2.650462 0.302984 -1.338432 0.794855 2.660057 1.711087 0.709803 -1.724158 0.660405 0.671569 2.122125 1.344431 -1.372060 0.945640 -0.624577 -1.073424 0.303138 -2.560445 -0.107901 0.834323 0.384135 2.148496
向量 1.431653 -1.745473 -0.058206 0.161657 0.429160 0.200766 1.203337 1.137665 -2.253364 -1.615202 -0.195778 -0.664580 0.280103 -0.595414 -1.810148 1.071207 -0.821291 0.764665 1.927243 1.681853 0.927028 -0.778393 0.114880 -0.650507 0.589734 -1.928761 -2.101510 -0.178992 -2.881461 2.597815 3.136546 -0.527272
词 -0.061107 1.602067 -1.648752 -0.849346 -1.722105 0.649097 -1.168299 -1.851090 -1.402406 1.218194 -0.713025 1.226466 -2.073455 -1.831470 0.741440 1.256182 0.543017 0.853358 -1.877117 -2.515014 0.810805 0.133179 1.901628 -0.847369 -1.357298 -1.876631 -1.666773 -2.790195 -1.135317 -0.746634 -1.026717 -0.794177
上下文 0.049181 -1.077993 0.336412 -0.565808 -0.100249 0.998666 -0.762836 2.192588 -1.285068 0.305207 -0.663338 -2.159395 -1.907450 -0.628346 -1.473611 2.223904 1.185102 1.763269 -0.519736 0.171087 -0.374776 -1.372231 -1.349087 -1.256787 -1.002908 0.282552 -1.749471 0.267251 0.121267 -1.749549 -0.613045 -1.624339
词语 2.189801 -0.771084 1.656475 -2.100892 0.858851 -1.333534 0.191117 0.988991 -0.606802 -1.964399 -1.933248 -2.642296 -1.656783 0.871489 -0.517641 -0.356975 -2.876873 0.615225 1.960827 -0.667948 0.179965 0.142086 -0.221836 3.127762 1.272846 -0.540604 -0.827278 -1.242317 0.495873 -1.580150 0.506480 1.259297
训练 -0.256596 1.243592 1.381923 1.124931 -0.429818 -1.717852 -1.083789 1.623681 0.263648 -0.664770 -0.380395 2.833321 -3.229367 0.761699 1.028030 -0.084176 1.366073 -0.508300 1.593779 1.406355 0.603259 0.229527 2.204806 1.143208 -0.163204 1.531347 -0.684065 -0.422078 0.804793 -1.578152 -1.062459 -1.603531
使用 -0.027618 0.694546 1.266224 -1.383698 -0.221617 0.953610 -3.133480 0.764750 -2.213830 0.701566 0.247016 1.047376 0.232554 0.672814 -0.735359 0.511805 0.990463 -0.985308 0.128898 1.709529 0.352785 0.244537 1.571671 2.966044 2.070657 -1.092848 -1.491849 -1.250805 0.313779 2.285573 -0.926398 1.722744
预测 -1.299646 1.198621 1.184868 2.075228 -1.107641 1.984585 0.158817 -2.600137 0.511715 0.085869 -0.707262 -0.659561 3.277648 -1.111179 -1.331827 1.840421 -0.484248 1.250710 1.174414 1.632925 1.129799 3.232842 0.913026 -1.293795 0.077767 0.689334 -0.561987 -0.313264 -2.311871 0.138483 0.843777 -1.315055
中心词 1.026165 1.070435 0.265212 -3.266150 -1.418548 1.633257 0.267559 -1.072554 -2.046343 -1.332899 0.351674 0.709616 -1.043267 -2.372483 -0.148728 0.141806 2.089451 -2.140676 0.308880 0.726702 1.593153 -0.865137 -0.221183 -0.407120 0.825418 -1.932528 -2.032808 0.795917 0.417859 -0.378799 -0.487091 -2.002561
会 0.442117 -0.588318 0.932820 -1.463749 -0.065333 -1.551986 -1.651471 1.185832 0.515927 -1.805160 -0.249903 3.397002 -0.446073 2.475412 -0.421917 0.577837 -0.973670 1.230107 -2.071146 -1.341425 -0.266219 -2.451002 -0.633734 -0.131917 3.193450 1.189582 1.630269 -0.520607 -4.419758 -0.075494 -0.845723 -0.959953
处理 -0.496221 1.383314 1.343068 -2.840817 -2.663663 0.228646 1.727247 0.761901 -0.259230 -0.137293 0.096570 0.265493 0.059560 -1.323568 1.051981 0.890300 1.870829 -1.182300 -0.635399 -1.842727 1.431483 -0.959810 0.551486 2.218939 2.082076 -0.057808 1.446000 1.111207 1.547945 1.593997 -0.905076 1.846747
之间 1.607960 -0.740351 -1.654256 -1.263734 0.161726 -1.323927 -0.122292 -0.115462 0.244145 -0.312953 0.165918 -1.213140 -0.653798 1.461024 -0.106757 -0.883638 -0.333631 -0.082695 0.050247 -1.990399 -0.292234 -1.899914 -1.917306 0.288209 0.072611 1.322001 0.291121 -1.409036 0.349526 -0.449848 -0.347656 -0.364300
关系 1.356538 -1.090186 -2.252084 0.224950 0.521005 0.288183 1.369989 0.295377 -1.200171 -0.472026 -1.047735 1.457406 -1.829702 0.554381 0.068078 0.365002 1.277932 -0.375023 -0.840873 0.422358 -0.035971 -1.707489 2.214818 -0.112736 0.579476 -0.445106 -0.904814 -0.704152 0.174716 -0.156923 -0.133936 0.047767
CBOW -0.787242 -1.785581 1.566971 1.932462 -1.994501 0.053286 0.942735 0.319570 0.380288 -1.183219 1.380649 2.020049 -0.704890 2.042309 -1.271840 0.469946 -0.488369 -0.362471 0.907449 0.518471 -0.591236 1.604201 -1.440698 1.694453 -0.052316 1.940401 -0.241096 -2.253027 -0.421443 -1.547114 -1.328154 -1.543025
文本 0.167118 -2.255416 0.162536 -1.577747 -0.470069 0.274590 2.176940 0.114955 1.484193 1.222242 -1.366673 0.290517 1.711434 1.068443 -1.994307 -1.230691 0.295489 -1.056693 1.770114 -0.279047 -3.001006 -0.899588 0.672050 -0.752449 -1.405170 0.450246 1.660410 1.311186 1.485212 0.411492 1.557286 -0.674875
数据 1.732295 -2.763202 2.071479 1.012845 1.573255 -1.927603 -0.495058 -0.096394 -0.932375 1.452468 -0.884470 0.295843 -0.986144 -2.329964 0.761425 0.990613 -1.179405 1.275181 -2.386243 -0.858831 -0.161275 -0.246284 0.683807 -0.536510 -0.967196 -1.293352 0.048336 -0.081030 1.370439 -0.226021 -1.397916 0.857418
我们 1.847405 -1.758674 1.824006 2.265212 -2.031728 -1.364607 0.583169 -0.671454 -0.888119 0.978604 -2.113025 0.424814 -0.973551 1.190772 -1.664069 1.742741 -1.721493 1.908283 -0.732310 1.631275 1.123455 1.818423 -0.289412 0.945701 0.152076 -0.558444 -1.448213 -1.228891 -1.320468 -0.538767 -0.161478 -1.766060
进行 -2.138998 1.677616 -1.821966 2.418651 -1.279921 0.219027 -1.077517 -1.863847 1.831079 1.398217 -0.826045 -1.867558 0.517750 1.208140 -0.773827 -1.035888 0.891066 -0.157341 -0.243340 -1.459322 -0.463755 -1.010267 1.072325 -1.238818 -0.531927 0.785794 1.992157 2.383764 1.507061 0.694065 1.244329 1.119050
映射 -0.248974 0.273368 0.852127 -1.109188 2.652167 -0.310155 -0.188942 -1.818533 -1.153943 -0.924011 -0.965669 -0.177711 -1.169672 -1.033443 2.281669 -1.291317 -1.427607 -2.092487 -0.877219 0.219102 -1.457968 0.032196 2.576132 -0.279206 -0.703370 -1.655611 1.126188 -0.162284 -2.219545 0.570815 1.122175 1.335153
损失 1.792826 -1.096667 -2.440902 1.715932 1.789235 -1.208443 0.903012 -1.281668 -0.634082 2.196027 -1.308433 -0.323542 1.523640 0.169727 1.467775 -1.632722 1.923580 -0.833095 -0.408960 2.444062 -1.366088 -0.196809 0.674900 1.426165 0.587680 0.547423 -0.101727 1.983676 -0.685829 -2.405153 0.729968 0.765702
以后 -0.430641 -1.654854 -0.493936 1.865646 0.525114 -0.829953 0.324705 -1.839096 0.647420 2.558122 1.008096 -0.439422 -2.433999 0.559492 0.640367 -1.711452 -0.545653 0.895317 -0.669410 2.324937 1.484175 1.089931 1.470834 -1.491927 2.141350 0.566862 -0.345851 1.694552 -1.440023 -0.495442 -0.687537 -1.484952
相似 0.300988 -0.572313 1.482937 -1.560535 -0.507513 -0.157893 1.295835 0.182763 2.150982 0.980449 0.064035 2.085116 0.203039 2.239188 0.462270 -0.576878 -0.553131 0.003442 -1.205233 -1.651960 0.544962 -2.037806 -2.796866 0.134750 3.293857 -0.831944 1.349832 -2.151882 1.899251 -1.236206 -0.642376 -3.006702
比较 -1.477010 0.879870 -1.826241 -1.822292 -0.721787 -2.004724 0.418285 2.012322 1.607235 -1.007205 -0.270649 1.139369 0.008316 -0.714165 -0.894681 -0.335625 0.719158 -0.059015 1.483659 1.100884 -0.917999 1.774794 -2.018734 -0.611898 -0.721020 -0.059147 -0.296448 1.830732 0.043389 1.091092 1.785243 1.220267
自然语言 -0.229175 -1.285001 1.112852 -1.216747 -0.058613 0.936325 1.653562 -1.567683 -0.296757 -0.640570 0.791677 -1.622190 0.830063 -1.086712 1.033377 1.074968 -1.688081 2.005627 2.009850 -0.246962 -1.748061 -0.926826 1.603042 -1.553093 -2.054775 2.116773 -0.525798 1.232143 1.087501 1.554883 -0.859338 1.762272
是 1.890611 -0.209951 1.043578 -1.683993 1.338066 1.151776 1.932170 0.043466 1.228122 -0.819365 -2.324991 -1.969746 -1.684838 -0.714844 0.694651 0.392504 1.246565 0.023506 -1.239337 -1.301550 0.067907 -1.011304 0.790609 0.585454 0.625986 -0.433616 -0.690939 0.648775 0.641952 0.785190 -1.684211 1.012458
人工智能 0.275226 -0.254948 -0.901364 -1.126168 0.507561 1.397333 0.485404 -1.978416 -1.568878 -0.754848 -0.653425 -1.351909 -0.041810 -0.866415 1.432854 1.191169 -1.870418 -0.303397 1.980069 -1.557625 -0.045071 -1.504091 1.145075 -0.969999 -0.517440 -0.158561 0.203192 0.294048 1.391447 -0.112996 0.472956 -0.013822
重要 1.402575 1.139889 1.655147 1.201130 -0.947556 1.863060 0.780199 1.843351 0.514165 -0.427759 -1.734762 -1.736897 1.029367 2.643224 1.585643 1.301168 0.675837 1.163058 -2.050512 0.681578 0.606088 1.914595 1.236118 -1.383575 -0.378904 -1.909908 0.469182 0.249368 0.370591 -1.175486 -1.733461 -2.065266
方向 0.504465 0.608687 -1.125383 -0.589055 1.693881 1.029703 -0.929810 -1.651239 -1.797178 -0.398202 -1.200839 -0.352638 -0.685128 0.026793 1.081563 0.796960 -1.137483 -1.079684 0.533137 -1.624913 1.045734 -1.395323 0.073237 -0.133439 1.531275 -1.266251 0.395874 -0.396963 0.702753 -1.350041 0.645841 -1.802348
表示 -0.797242 1.916663 -0.004126 0.413394 -2.922153 -1.775452 -2.441288 -1.685875 0.949124 1.234836 0.606700 0.381297 1.210747 -1.132623 -0.764715 0.466262 -0.704327 0.523661 -2.293110 -0.958376 1.545230 2.290186 0.808937 1.512533 -0.341279 -1.932635 -0.197706 -0.175794 -2.660527 -2.086938 -1.935043 -1.702080
语义 -0.644701 0.038688 1.485867 -1.903479 1.227706 0.513710 1.083988 -2.640176 0.970674 -2.266638 -0.397286 0.865227 0.200425 -1.668880 2.099007 -0.645997 -0.248769 -2.309156 -1.179927 0.425227 0.091224 -0.585027 1.845952 -0.399907 -0.081864 -1.188476 0.939775 1.340515 -1.205170 -0.454901 0.702668 -0.933895
之前 -0.566333 -1.127302 0.754533 1.518618 -1.428648 2.320655 0.399562 1.599444 -0.142773 -2.209808 1.052980 0.491989 -1.615266 1.539989 -0.246068 1.644644 0.136918 -1.761187 1.399043 -0.880602 0.151135 0.125048 -1.050098 1.678983 -0.815681 0.638123 -0.008966 0.239835 -1.185032 0.265590 -0.610574 0.000700
需要 -0.540712 -0.043857 2.405730 2.086468 0.959895 -0.056226 -0.711835 2.305037 0.855427 -0.847583 -0.244773 2.329978 -0.738268 1.216779 -1.346721 0.360107 1.523343 -0.786595 0.985553 0.192573 -1.597837 -1.407228 1.292022 1.395947 -0.939717 1.643175 1.492883 -0.044732 -0.133876 0.057702 -0.374290 -0.524991
先 1.039868 1.981003 -0.009939 1.689698 1.995552 -1.371341 -0.498008 -0.151733 2.118718 -0.621302 -1.033659 -0.783717 0.388563 1.287395 0.361818 -0.396109 1.342377 1.102555 -0.760313 0.272200 0.922528 -2.252927 1.040183 0.854269 -1.893028 2.120190 0.650891 1.441242 0.723006 1.603304 2.273484 0.568644
准备 2.367002 -0.396982 -0.262507 -0.437629 -1.049149 1.408499 0.390765 -0.692286 1.810848 -0.121495 -1.226544 -2.680312 0.361163 1.314375 -0.165401 -0.756432 0.736431 0.135487 0.125902 -1.796444 0.472373 -1.737551 -2.557278 -0.433871 -1.140219 1.502772 0.131563 1.250386 0.839603 1.732675 0.949123 -1.492917
语料 1.157620 1.527975 -0.348630 0.951806 0.725959 -1.637786 1.252101 -0.282409 0.702328 0.232787 -0.540545 0.177758 1.890421 0.472826 -2.444363 -2.180488 -0.201526 1.975050 -1.616092 -1.551018 0.323271 -0.971096 0.942688 0.334158 -0.909850 0.140391 -0.335292 0.883796 1.354820 1.001987 0.764782 -0.665082
高质量 0.700413 -1.724301 0.970186 -0.558987 1.472232 1.485880 3.067115 -2.502729 0.729328 -0.228908 -0.577817 -1.865660 -1.063183 0.263633 0.979615 0.263611 -1.910471 -1.104044 -1.601478 -1.191292 1.462157 -0.233044 1.839141 -0.234203 2.088076 -1.122764 -0.974089 0.055148 -0.105044 -1.151483 -1.084336 -1.753842
提高 -0.000152 -2.264298 1.522377 0.717340 -0.418807 0.372122 -1.384516 -0.810499 -0.220033 -0.096267 -0.656896 -1.331447 -1.861672 1.846739 -2.006097 0.671809 -2.144758 -0.350548 -0.820454 1.066857 1.635142 0.654352 2.625417 1.042811 2.011292 0.078589 -1.574769 -0.123280 -1.788748 -1.720327 -1.358603 -2.453913
效果 1.054004 -0.941264 -1.402557 -0.238603 -0.591155 2.133866 2.086467 -0.848273 -1.245407 -2.035291 -0.502249 0.552874 -1.767812 1.170358 1.656816 0.904593 -1.267445 -1.636445 1.234782 -2.831408 0.541701 -0.210232 -1.145085 0.677632 -0.218397 -0.756139 -1.725704 -1.317808 -0.218687 -0.810262 -1.892241 0.067751
结巴 1.371828 -1.441231 1.063550 -0.520452 -1.373800 -2.031630 -0.250241 0.958868 -0.683088 1.329741 -1.641307 -1.008001 -0.458779 0.540996 -1.142091 -0.250594 0.067860 1.581238 -0.043893 1.423047 0.353023 0.317330 0.284897 1.578269 1.013810 0.324305 0.307943 -1.653953 0.439124 0.617810 -0.303746 -0.592747
工具 1.963326 -1.009049 -0.673809 0.949384 -1.505596 -0.139742 2.878014 2.290529 1.886655 1.389659 1.062535 -1.164051 1.334580 0.971613 -1.071223 0.355594 0.768494 1.981030 2.043418 2.045368 -0.347082 -1.109412 -0.054591 -0.368097 2.235642 -0.616397 0.486697 -1.467567 0.755123 0.939327 -0.499626 0.845591
对 2.044459 1.944522 -1.693052 1.723412 -0.667891 0.716551 0.377573 1.561074 0.196615 -0.165652 0.968450 -2.017666 1.787103 1.586924 -1.149345 -1.290347 1.652223 2.326380 1.244240 0.323161 2.217379 -1.891660 0.904161 -0.623001 1.518211 1.076532 -1.377137 0.079912 1.100025 1.711024 -1.694579 1.497785
中文 1.626699 -0.717915 -1.277892 -0.939961 -0.653561 -2.065271 -0.349636 -0.028917 -0.111856 -0.950422 -1.398596 -1.144938 1.434386 0.813659 -0.620452 -1.618677 -0.302832 0.556632 0.379747 0.190857 0.001105 -0.496185 1.264865 2.044327 -1.036592 1.655458 -0.182179 -0.829662 1.381646 0.603362 0.310308 -0.942512
分词 1.449876 -0.043736 -1.249465 1.221560 -0.904333 -1.157187 0.569505 -1.674718 0.882787 -1.641355 -0.894465 0.343815 1.036395 0.980099 -0.548991 -0.864407 -1.153631 -0.096395 -1.297819 -1.781782 0.400474 0.531972 0.550474 1.237072 -1.707687 1.060349 -1.851362 1.821590 0.193272 -0.324520 1.313889 -1.360024
词表 -0.315826 0.735075 1.314766 1.300901 2.862778 0.303639 2.254754 1.612090 0.454029 1.886466 -0.720244 -0.081908 0.945331 -1.460537 -1.572743 -1.125422 -1.033551 1.548047 1.245138 -0.807370 0.613132 -1.496103 -0.414519 0.926806 1.086058 1.229021 1.047888 -0.183636 1.082065 -0.884287 1.924465 0.346021
记录 -1.756782 1.683952 -0.774824 -0.139182 1.379281 -0.776846 0.349836 1.794122 0.605637 1.941962 2.212385 0.002338 1.227257 -0.962287 -1.616295 -0.137093 0.616839 1.465637 -1.183031 -0.813600 0.332014 -1.637892 -1.285581 0.393365 2.402431 1.002184 1.082500 -0.473696 0.154052 -0.953273 1.038345 -0.171882
了 -1.599150 0.069593 -1.775088 -0.450635 -0.065088 -0.907406 -0.672697 1.484189 2.082173 1.110106 -0.280276 -0.862947 1.208772 -0.923345 -1.217530 -1.654191 0.015246 1.032252 -0.717314 -1.169675 1.362199 -1.997318 -1.751690 0.295595 -0.050989 1.312341 -1.046531 -1.649477 -1.816601 -0.862247 0.708737 2.031014
和 0.904319 1.787004 2.285427 -1.152528 -1.623098 -2.024154 -0.553948 -0.428510 0.225596 0.306678 2.073854 -0.759848 1.334654 -1.618560 0.744306 0.746803 -1.518132 -0.228192 0.704363 -2.302020 0.208914 2.138513 -0.510908 1.360152 -0.850258 0.821033 1.685615 0.225846 0.787293 -1.236997 -1.821957 -2.975328
编号 0.175401 0.421271 0.435523 -0.975645 -2.280367 -0.627421 -1.171285 -2.686050 0.961001 -1.073384 -0.646267 -0.032980 -0.535894 0.003691 1.707574 -0.030005 -1.252976 -1.932419 -1.419177 -1.763666 1.170878 0.155485 0.772050 1.404923 1.387655 -0.650733 -1.611013 -0.580698 -1.713319 -1.647053 -2.354004 -0.694683
出现 -1.346827 0.367128 0.370908 -1.068185 1.779479 1.783685 -0.639011 1.669513 0.785863 -0.118538 0.176195 -1.617281 0.496316 0.955521 1.303062 -1.291928 -1.067478 -0.946969 1.389380 -1.396441 -1.943828 0.756153 -0.938009 1.252661 -2.150941 -0.754921 -1.083806 2.118002 0.678427 0.103124 -1.619997 0.676819
次数 -0.296053 -2.466967 -1.363264 -0.901218 1.076136 2.109112 0.996316 -1.029866 0.758275 0.835888 0.442605 -1.070844 -0.226632 1.931153 1.554530 1.049245 -0.459916 -1.001794 1.330352 -1.966126 -0.788239 -1.060515 0.932793 0.811645 -0.649239 -0.602527 -0.661185 0.040206 0.661287 -1.613877 -1.688561 1.092138
过少 -1.059944 1.951332 0.356470 -0.665531 0.473443 1.477195 0.595349 -1.981090 1.154012 1.259046 0.810755 0.480938 0.744891 -0.351579 1.568486 0.470456 -0.600899 -1.633137 0.011939 -1.753166 -0.772285 -0.836245 -1.093615 1.364588 -0.195558 -1.549814 0.386291 -0.926816 1.383226 -0.803980 -2.183771 -0.752994
被 0.416027 -1.978325 -2.505240 0.046839 0.299921 -2.716420 -1.575770 1.801482 -0.236407 1.629520 1.487760 -0.093976 1.947942 0.532422 1.249751 1.092460 -1.072404 -2.563264 -1.678809 -1.169083 -0.633688 -0.277017 -0.652251 -0.350262 -1.072585 -0.548455 2.210760 -2.840952 -5.249238 -1.681965 1.068555 -0.356572
为 -0.795468 -0.358045 -1.220500 -1.845101 0.485588 -0.049984 -0.500137 3.215985 -2.373540 -2.143705 1.855752 1.930384 0.019910 -1.025900 -1.138199 -0.643708 -1.752566 -0.571778 0.302208 0.333357 -0.536561 -1.183772 0.328349 -0.116370 -0.994522 -0.131120 -0.049897 -1.416743 -4.515954 2.547267 -0.232823 1.466234
未知 -0.417030 -2.107193 -2.202407 -1.457880 1.118571 -0.709840 0.383786 1.955595 -2.279552 0.199589 1.859036 1.441140 1.165783 -1.137152 -0.897484 0.797092 -0.899591 -1.674659 0.498818 0.260057 0.790290 0.470619 -0.024076 -1.397225 -1.830169 -0.591943 -0.454019 -1.527736 -4.131117 1.667169 1.519549 -1.171421
填充 1.253538 -1.407063 -0.792887 1.243516 0.599067 -1.127023 -0.201462 -1.009341 -0.959588 1.456506 -0.939699 0.336973 -0.253930 1.635419 -2.043862 1.044923 -1.781557 1.676801 0.368761 0.368722 -0.617692 -0.041184 1.562467 0.619187 0.223975 -0.879463 1.181111 -0.306842 -0.687640 -1.967168 0.500834 1.169484
符号 0.684189 -1.824589 -1.528571 1.668864 1.066670 -0.266108 -2.300894 0.488743 -0.329862 1.971299 0.083215 -0.624896 -0.711870 1.632536 -0.581333 1.366157 -0.431354 1.941093 -2.303975 0.606529 1.231207 0.538219 -0.167886 -0.655971 1.372546 1.137511 -1.422237 -1.671044 -0.885479 -0.650780 0.511125 -1.477226
保证 1.636002 -0.287090 1.185743 0.113820 -0.221731 0.543216 0.415567 -1.864522 -1.105626 1.066002 -1.266657 0.967305 0.075858 -0.702028 -1.086749 1.884121 -1.200318 0.585864 1.158797 1.728532 -0.488010 1.369489 2.400979 1.609340 2.213635 -0.657273 0.277168 -1.871250 -1.136393 0.077529 1.918703 1.082073
具有 -0.107356 -0.814294 -1.423270 -1.287713 -1.756455 0.846944 -1.425248 1.766854 -1.610138 0.794417 0.445607 -0.928454 -0.467362 -1.425915 3.091284 -0.406718 0.992271 -0.106455 0.461961 -0.904939 -0.750887 1.665320 0.826014 -0.505105 -0.212068 0.630501 -1.663627 0.682664 -0.713745 -0.683312 2.071286 -1.482368
相同 1.728416 0.292381 0.684044 -1.663336 -1.122529 0.981870 -0.682515 0.511472 -0.744499 0.686689 0.376681 -0.185861 0.898202 -2.001755 0.313522 -0.535790 0.806396 -0.682109 0.874328 -0.382728 -0.353528 1.535666 1.506036 0.526264 1.668881 0.592787 -1.260974 -1.288690 -0.840379 -0.010620 1.825971 1.120968
长度 -1.222751 0.203289 1.153731 -1.776886 -0.253347 0.744964 2.770392 0.870877 -0.385982 1.256397 -1.682208 -0.999172 -1.020493 -1.632613 -0.132741 0.913949 1.167841 1.288889 0.516138 -1.904470 -1.481142 0.845567 0.391086 1.661681 0.355251 1.352024 -0.534369 1.290038 1.078393 -1.476279 1.254537 0.515543
滑动 -0.062720 1.763857 -2.128325 -0.443731 0.486452 -2.040345 -0.469187 -1.688289 1.275556 0.818804 1.055485 -0.238112 -1.987128 -0.608943 -1.146251 -1.930695 -0.829062 -0.286801 0.728880 0.363157 -1.657856 -0.873323 -1.158823 0.165319 1.235581 -0.709737 2.017658 0.863203 1.115082 1.076258 -1.778971 0.057098
窗口 2.143657 0.312234 0.454973 0.204771 -1.566003 -2.244721 -1.617736 -1.388082 0.601413 -0.959518 -2.159189 -1.309899 0.499448 -0.938959 1.538821 -2.014042 2.287046 0.705484 0.814664 1.466320 -1.372387 -1.461226 -1.226276 -1.199671 0.878911 -0.722934 1.475009 1.526027 1.255730 1.262962 -0.835789 0.258942
用来 -1.184402 -0.888490 0.612283 2.646895 -0.784229 -1.122498 -1.970326 -0.803244 0.991405 -1.038105 0.228938 -1.797914 1.108142 -1.224003 0.061903 -1.114464 -0.378795 2.227159 1.472801 0.749450 -0.938756 -0.534440 1.313725 -1.473081 0.814087 0.256485 0.700719 1.257006 0.468492 2.018619 0.512777 -1.401759
提取 -1.626713 1.324979 -1.278803 0.504302 -0.475804 -0.219113 -1.439209 0.251239 0.575153 -0.886895 1.781775 -1.799630 -1.050124 -1.266893 -1.834915 -0.140289 -0.007687 2.114289 0.899784 1.291301 -0.771494 -0.099925 -1.474760 -1.725504 1.489991 -0.654530 -0.298808 1.285937 0.909310 -0.155983 -0.772665 -1.062643
周围 1.178680 -1.981896 1.104029 0.455198 -0.997640 1.307326 1.247770 -2.434094 -2.150858 -1.565688 -1.417722 0.938199 -1.009177 -0.561116 1.869497 1.171838 -0.820469 -0.828502 0.801424 0.041215 1.456633 0.571019 2.799002 0.695956 2.351044 -1.543429 -1.770519 -1.637430 -0.168111 0.030585 1.041166 -2.059054
首先 -0.998626 -0.008367 0.837805 -0.164501 -0.242041 0.805667 -1.559058 1.460546 -0.956438 0.235619 -0.637251 0.088091 -1.109562 0.213507 -1.047763 0.196548 0.121294 -1.549953 1.786218 0.322791 -0.323188 0.640018 0.568945 0.222708 0.355074 2.410577 0.095170 -1.246415 0.195995 -0.285438 -0.944823 -0.215308
把 -1.095827 0.066115 0.292873 1.169693 0.745605 -0.874442 -0.367843 0.233445 -1.210989 -2.070984 -0.100206 -0.386094 -1.451855 1.203741 -0.524303 -0.766544 -0.420475 -1.154636 -0.547702 0.489056 -0.320497 -0.860915 0.688629 0.573797 -1.196347 0.742831 0.551735 -0.838383 0.550154 -1.353256 -1.388079 -1.194351
独热 1.060380 1.540417 1.459063 1.240737 1.377758 -2.629176 1.679838 1.428519 -1.915904 -0.148556 -0.076140 -1.786046 -1.243360 0.207074 0.002035 -1.835449 1.256619 0.603104 -0.950967 -1.388466 -1.752902 -1.367292 -2.038585 -1.394313 -1.599197 -0.510763 2.157321 0.511386 2.347182 -1.824854 -0.158359 -0.501026
编码 1.465535 1.789999 -0.128973 -2.259076 1.492830 1.022494 -0.761946 0.636945 -0.562433 1.396403 0.969873 -1.751238 -1.180949 -2.347235 -1.783157 -1.679398 1.466701 0.694188 2.645710 -2.036965 -1.967422 -0.833935 -0.037237 -1.828517 -0.821774 1.056111 0.822289 -0.278015 1.490807 1.826370 0.785261 1.186455
转换成 -1.039066 1.676103 -2.302925 -1.214361 0.653615 0.930554 -0.096092 -1.921883 -0.050106 -1.394241 1.306464 -0.323843 -0.891499 -1.940370 -1.285063 -0.425647 1.333079 0.087003 -0.261632 -1.526300 -0.096493 0.027664 2.244933 -0.949036 -1.036477 -0.164763 -0.885501 -0.788790 -0.290532 -0.266149 -1.121182 0.038593
低维词 -0.785053 1.310613 -0.301022 -0.022555 -0.056130 0.025666 0.964419 -0.246143 -1.036610 -0.847406 1.622748 0.464604 0.634466 -0.974310 -1.316790 0.136640 1.043040 0.989177 -0.596506 -0.875401 -0.004740 0.056965 -0.011870 -0.174106 -1.132239 -1.342230 0.581014 0.717910 0.101666 -1.046465 -0.591131 -1.403795
多个 -0.831592 -0.733106 0.048256 -0.535068 -0.652827 1.221737 1.143177 -0.107686 -1.211175 -0.629140 1.097850 1.570112 1.910851 -1.845721 0.127101 1.035469 -1.039819 -1.474038 1.387646 1.218870 0.616041 1.407746 0.616138 1.326826 0.500189 -1.209425 -0.923866 -0.546444 -0.893767 1.763827 1.462751 0.525962
通过 -1.017253 1.696393 -0.821472 1.738908 -1.685008 0.598488 -1.598081 -1.643023 -0.422825 1.607765 0.596196 0.233047 -1.047269 0.215695 -2.133293 -0.074796 0.383891 0.469045 -1.669624 -0.424630 -0.405094 2.321730 1.543766 2.117870 -0.169807 -0.807686 1.027661 0.291965 0.340677 -2.017883 -1.437032 -0.731641
求 1.049071 -0.837071 -0.987522 1.767694 -1.805808 -1.607939 -0.477032 -0.658213 -0.198928 -0.410391 -1.513680 -0.190813 -0.242579 1.755302 -0.449528 -0.935737 -1.456361 0.359292 -1.545332 0.751646 -0.587641 1.365715 0.931944 1.259911 -0.305746 0.951371 -0.715002 0.279955 -0.077015 -1.254132 1.691708 -1.210804
平均 0.570410 0.302636 -1.269553 1.780747 -1.964630 -0.603354 -0.052122 -1.006430 -0.193205 -0.514602 0.283436 1.480088 1.826406 1.322201 0.545721 -1.663761 -2.451854 -2.296594 -1.954397 -1.561937 -1.738535 -1.461246 1.465163 -0.526607 1.290300 2.032393 -0.771774 1.566418 1.128250 1.093052 1.128728 -0.783542
融合 0.252457 -0.197018 -0.734989 -0.901228 -0.736377 -1.159384 -0.494727 -0.549823 1.480049 -0.816409 -1.797868 -1.061350 0.030505 0.754162 -0.581211 -0.762259 -0.376729 0.382190 0.961894 -1.629735 -1.318499 1.021116 0.828217 1.533521 -1.967166 0.674290 0.225735 0.981814 1.575192 -1.623413 0.751814 -1.130740
输出 0.435568 -1.885570 0.084430 2.056268 1.349134 0.683868 -0.731391 1.031881 2.144691 1.066029 -1.048125 -1.118350 -0.990360 -0.684098 1.690875 -0.118876 0.588148 -1.325482 1.146893 -0.609252 -1.681894 -1.058554 -1.472852 -1.482098 -1.430719 -1.656562 -0.759300 -1.174874 -1.131302 1.146160 1.501662 -0.873547
层 0.041561 0.179594 1.728810 1.162373 0.582057 0.577311 2.251239 -1.201335 0.918951 0.090302 -0.208847 1.204907 -0.954594 -0.537150 1.913522 -0.950223 0.274723 -1.835138 1.202024 -0.138664 -1.324960 -0.391125 0.053934 0.858590 0.706760 -0.725492 -1.089823 -2.234892 -1.138061 2.012461 2.060717 -0.706496
根据 -1.273740 1.519266 -0.446608 0.624969 -0.507578 1.559851 -0.701988 -1.471757 1.698481 1.902552 1.920593 2.036154 -1.078228 -1.854063 1.010778 -0.130537 1.742184 -2.545582 -0.538641 -1.709890 -1.072081 -0.334181 0.384936 0.814689 -1.325631 -1.208972 -1.021570 -1.364204 -1.318873 -0.547265 -0.411667 -1.082205
交叉 -0.362790 -1.185528 -0.507761 -0.509651 0.790357 -0.060687 0.138907 -0.555909 -1.287572 0.644507 1.653907 0.827705 0.257809 -0.558722 -0.769276 -1.585456 -0.180528 0.803729 -1.409735 0.837824 0.432536 -2.945587 -1.415400 -0.727638 1.846293 0.729934 1.961821 1.751958 -0.625584 -1.561012 -0.996078 1.391250
熵 0.071694 -1.244640 -0.484384 0.456847 -0.270784 -1.130502 -2.292401 -1.167942 -1.335402 1.202417 -0.491106 1.242203 0.297537 -0.674118 0.201530 -0.947290 0.068136 2.207834 -1.406543 0.738366 0.601107 -0.303141 0.332205 0.532542 1.023490 -2.023191 -0.273938 0.947222 -0.441459 -1.323365 0.819485 1.040724
衡量 -0.166710 -2.499021 2.493774 0.372462 -1.371504 -0.764879 -2.790670 1.133579 -2.050923 -0.368262 -0.382235 1.171230 -2.924421 0.590825 -2.265800 0.517485 -0.940824 0.459242 -0.288949 1.860026 2.045686 -0.853964 0.882831 1.045046 1.601151 -0.242347 -0.298747 -0.086564 -1.995580 -1.651151 -1.641650 -1.454133
是否 -0.118941 1.017163 1.731627 -1.411371 0.104764 1.188305 -1.715701 0.302973 -1.606225 -0.669375 -1.538750 -0.697098 -0.508020 0.089517 -1.544653 0.929120 0.941840 -2.504437 1.660457 0.548077 0.471217 -1.221462 -0.236893 1.049130 -1.251335 1.587190 -0.028764 1.254458 -1.337832 0.847318 -1.646580 0.091603
准确 1.376070 0.905015 1.666142 -1.205665 0.636070 1.092466 0.578359 2.113160 -0.813607 1.066882 -1.007272 -1.860679 -0.198965 -1.966071 -0.276251 -0.525622 1.578698 -0.231219 0.846729 0.525753 1.064402 -0.706641 -1.549746 -1.693396 -0.885072 0.398437 -0.135862 1.468223 -1.466966 1.548753 1.219105 0.695303
反向 -0.749125 -0.225913 -0.186291 -0.705694 1.366247 -1.443418 0.623506 0.811839 -1.906597 0.727890 -1.665677 -0.538869 1.786793 0.339386 1.639021 0.990805 -0.169358 0.520804 -1.170380 -0.170202 -1.682953 -0.153399 -0.501593 1.121924 -0.302232 0.268271 1.398308 -1.175496 -0.559868 -1.335335 1.714141 1.852132
传播 1.584364 -0.879234 0.901678 -1.026584 0.559996 -2.050317 -1.970985 1.634319 1.598423 -0.793017 -0.805248 -1.562064 1.488548 1.202357 1.336581 -1.876198 -0.485206 0.384115 0.534126 0.774198 -1.290251 1.695553 -1.644429 0.882627 0.422670 -0.238559 1.436507 1.616810 -1.986210 -0.192933 1.086523 0.711858
不断更新 -1.881247 0.474044 1.351717 0.386052 1.367664 1.131441 -0.423959 1.782096 -0.691477 -1.453285 -1.652706 0.701550 0.437120 1.042785 -0.074891 1.368672 0.282310 -0.209703 -0.531225 1.256892 -1.280456 -0.636176 0.979922 1.824753 -1.127328 1.290192 0.333538 -1.731962 -0.452071 -2.351435 0.555966 -0.272266
中 0.982484 -1.538552 1.528360 -0.835399 -0.398133 1.567752 -0.979204 0.686637 0.515010 -1.634745 0.455570 0.221883 -0.566826 1.174842 -0.199668 0.762274 -1.020047 -1.872654 2.430645 1.461114 1.725723 0.761938 0.875001 -0.902803 2.131926 -0.245930 0.570850 -0.597454 0.206183 -1.227140 -2.039997 0.513337
参数 0.509572 0.622738 1.370865 -0.719531 1.392066 2.021272 2.074204 -0.436156 0.571998 -0.960979 -1.707325 1.309901 -0.482397 -1.574198 1.208842 0.541757 0.056034 -0.431123 -1.857214 0.031205 0.622996 -1.389174 0.568766 0.548921 -0.052913 -0.657195 -0.977628 -0.859187 1.390839 -1.543323 0.775884 -0.722112
轮数 0.842096 -0.170021 -1.274283 0.943281 -0.672220 0.348279 1.729799 0.295226 -1.013526 -0.175617 1.089436 1.476818 -0.934470 0.726081 1.057948 0.133599 1.127059 -1.243717 0.871073 -1.030035 -0.212570 1.207422 -0.932590 1.972695 -0.994203 -0.656251 -1.937640 0.641004 -0.260383 0.443033 -1.840444 -0.052894
增加 -1.305325 -0.502221 0.988548 0.782382 -1.292807 0.254622 0.788271 -0.968002 -1.413797 0.827495 1.970996 1.836551 -1.283848 1.261014 1.315317 -0.670983 -2.651874 0.416075 0.804477 0.076933 0.103633 0.985643 -1.203600 -0.960181 -1.089288 0.213346 -0.089672 0.247174 -1.063937 -0.225222 -1.399623 1.180138
通常 -1.740697 -1.282331 0.037073 1.604833 1.938190 -0.811040 -0.801791 -0.496622 -2.001625 -0.115227 0.791186 0.421454 1.750708 0.505178 0.331152 -0.867068 -2.032302 0.415424 -1.826602 0.135327 -1.378432 -0.428007 -1.567936 -0.074165 -0.607415 -2.880685 0.636913 1.456608 -0.915258 -0.360043 0.324399 2.502506
逐渐 1.887265 -0.588237 -1.482946 -0.562784 1.586670 -1.138640 1.961852 -1.173360 1.581533 -0.855918 -1.668177 -0.628214 1.229861 1.102070 1.264646 1.172290 -1.422030 0.012301 -0.389288 1.483160 -1.457431 -0.681155 -0.155945 -1.517923 0.298155 0.870498 1.731224 -0.684412 -1.178648 -0.496003 1.597684 -0.486324
下降 -0.542942 0.002107 -1.408624 2.007298 1.327873 -0.913642 -1.112426 2.490911 -1.106216 -2.070551 -1.345579 -0.989827 1.776564 0.595165 1.330080 0.242697 -1.230100 -0.355867 -0.034935 -0.892440 -1.771526 -0.507655 -0.756026 -0.329911 -0.356369 -1.731774 1.220056 0.181068 -0.163409 0.240902 1.718710 1.187711
在 -1.607015 0.317460 -1.935438 -1.253677 0.127074 -0.173957 2.055978 -0.978559 -0.344025 -1.196523 1.965856 1.807869 2.458696 -1.499924 -1.910783 2.193305 1.672326 -1.657791 0.249308 1.175214 -0.324588 -0.485763 -0.943131 -0.833208 -2.443298 -1.272952 -0.472543 1.545800 -1.888765 0.591030 -0.090959 -0.477486
空间 -1.075497 1.497937 0.128215 -0.261152 -1.372826 0.234217 1.610016 -1.631212 1.002194 -0.318338 0.043520 1.537371 -0.373976 -0.519942 -1.263305 -0.145046 1.627516 1.743710 -2.062214 -1.418638 0.493141 -0.637098 1.062288 -1.277331 -1.084408 -0.046604 0.646057 -0.534973 0.006058 -0.347061 0.983283 -0.731692
中距离 -0.236176 1.978688 -0.469375 -0.844018 -2.623380 -1.735097 1.331465 -0.567474 1.778794 2.081125 -2.513219 1.676060 -1.346413 -0.575411 0.425880 -1.531984 1.805225 -0.962575 -0.895830 0.010045 -1.179324 -2.978687 0.397844 -1.991956 -0.972436 1.252859 -0.072710 0.037804 -0.333253 -0.886225 1.370131 0.680939
接近 -0.658739 0.751941 1.290094 -0.616978 -0.502383 -1.710171 0.711410 -1.061895 2.023061 -0.446439 1.468879 0.790898 -0.279629 -0.136042 -0.885384 -0.595037 0.605903 1.829078 -1.743802 -1.140942 -0.246598 1.927383 -2.520241 -0.436537 -0.377211 0.349687 2.094693 0.400464 1.794326 0.468150 0.859686 -0.494546
余弦 1.359256 -0.115842 0.274632 0.219593 -1.777921 -1.542741 -0.310587 1.912258 0.557464 0.704685 -1.144905 -0.042522 0.407189 1.289900 -1.630218 0.075952 -0.808464 1.646947 0.287068 2.416672 0.325028 1.960280 -0.131877 0.101858 1.657301 -1.192551 -1.701308 0.014990 0.601113 -1.209159 1.781933 -0.131939
度 -1.960023 1.462473 0.910085 -2.028634 -0.011354 -2.038933 1.307539 -0.236822 1.365848 -0.656211 -2.847291 0.763800 -2.877313 -0.518269 -1.936205 -0.879862 0.845670 2.419712 0.520775 -1.367886 -0.807546 0.312098 -1.914846 0.374036 -1.397159 -1.326766 0.472510 -1.364709 2.457339 1.776284 1.485065 -0.920287
两个 -1.270986 -0.176071 -1.357579 -1.602136 -0.043344 0.982316 1.818213 0.129216 0.006303 0.057638 2.044058 1.342986 0.577527 -0.504296 -1.607433 -1.124484 0.412301 0.482113 0.033550 0.417070 1.317710 1.860162 -0.564407 -1.457022 -0.241583 -1.003802 -0.080237 -0.705078 0.335956 -1.058686 0.821893 -0.975316
大型 0.716460 -0.347254 -0.694510 1.166510 0.615961 -1.388472 1.039590 0.379668 -1.936532 0.832259 0.310583 -0.475196 -0.468329 0.109185 0.323716 -1.354102 2.178496 1.666245 -0.303814 -0.309938 1.468511 1.712352 -0.811437 -0.988919 -1.101573 1.029408 1.315671 0.848564 -2.464781 1.002008 0.732495 0.834049
语料库 -0.883493 0.948001 0.678813 1.569270 1.188304 -1.523804 -0.867388 -0.050407 0.348876 0.031655 -1.904156 1.834069 1.458039 -0.227772 0.649161 -2.247596 0.210089 1.729084 -0.517923 -0.995435 -0.940858 -0.463860 -1.197645 -1.108897 -0.204048 1.267723 -0.046118 -1.293401 -0.062854 1.362951 -1.404867 1.026054
应该 -1.722924 1.872921 -1.421476 1.900024 0.723963 -1.105239 -0.404438 1.386989 0.878181 1.378994 0.776931 -0.726457 0.432946 -1.244191 1.510458 0.948617 -0.714687 1.306719 -0.949281 -1.246997 -0.751209 -0.895395 -1.250464 -0.929283 -0.946074 1.494933 -0.079180 -0.611322 0.567568 1.121915 -0.633462 1.146841
采用 -1.533269 1.288820 -0.851069 1.133094 0.970298 -1.894129 2.412289 -0.068277 -1.024292 -0.248394 0.399341 -0.579372 0.724046 -1.382396 1.425484 0.469258 0.813205 0.963321 -1.885637 -1.561383 1.885695 -1.599601 -1.827664 -1.535641 0.517996 1.455562 0.769603 1.848869 -1.072468 0.368573 2.177187 1.175159
逐行 0.435600 -0.015259 2.316264 0.337813 0.660828 -0.839388 2.407217 -2.839202 -1.898807 -2.123898 -2.547903 2.500338 0.068828 -0.790909 1.556991 -0.124742 0.514679 -0.000644 -1.730651 -1.816641 0.297547 -1.794082 -0.932481 -0.275650 2.508058 -0.298647 -0.552153 -0.960236 0.125705 -0.553637 0.387473 -0.308881
读取 1.052368 -0.388873 -0.297105 0.182226 2.004744 1.080612 2.189848 -1.433725 1.690729 -1.983675 -0.832531 -1.393358 -0.861217 -1.348687 1.291914 1.488754 -2.666380 0.066284 -0.344202 -1.231827 -0.702278 -1.812647 0.132329 -0.920715 0.136125 0.606441 -1.832259 -0.393663 2.013637 0.320982 -0.817997 0.440117
方式 1.521996 -1.960307 1.021698 -1.263073 1.121654 1.311612 1.188367 -1.360698 0.136248 -1.171825 -1.461347 -0.675912 -1.290869 -0.640228 0.894289 0.896046 -1.234582 -0.390762 1.534611 -0.276832 -0.243724 -1.099788 1.447882 -0.490301 -0.632825 -0.133756 -1.565180 -0.265231 0.565585 -0.223353 -0.852471 -0.180361
完成 -1.548882 -1.112478 1.448349 -0.722207 0.828264 0.636329 2.017358 -0.341205 1.248935 -0.168107 1.669309 -1.701605 1.209645 -0.836710 0.285686 -0.463122 -0.804396 -0.248972 -0.483857 -0.594669 0.006790 0.342804 1.177619 -1.064704 1.267147 1.405843 -0.965580 1.484827 -0.394924 -1.557759 -1.337423 -1.451093
集 -0.934642 -1.067447 0.435222 1.063420 0.896612 1.626719 1.793828 -1.688114 1.198939 0.800764 1.115558 -1.094795 -1.448037 0.059928 -1.679755 -0.900643 -0.420704 -0.467049 -1.414634 -0.850458 -0.214965 1.031234 -0.811258 -0.498482 -0.428891 -2.842538 0.321647 2.069847 -0.403006 1.700429 0.036114 0.831529
就 -0.424714 -2.810463 0.943916 1.929817 0.456770 -2.956607 1.202448 -2.250654 -1.974106 1.658008 -0.347956 -0.394605 0.823689 -1.338174 0.792565 -1.113467 0.233358 1.477264 -3.587985 0.016697 -1.744872 2.164205 -0.440661 0.072503 -1.565004 0.079672 -2.988019 0.223133 -1.291388 -2.540423 -0.156544 1.007573
开始 0.827364 1.508269 -2.204461 1.246709 -1.086348 -0.081743 -0.640114 1.406826 -1.566458 1.169526 -1.311883 1.970064 -2.442521 2.022825 0.338896 0.338522 0.026623 -1.235940 -0.450545 -1.227214 1.984417 1.116316 0.412002 0.476674 0.153470 -2.487979 -1.168550 -0.981103 -0.785628 1.874468 -0.038904 2.622032
